Numerical Analysis Of A Quantum Harmonic Oscillator

Program parameters:
  n        = 80
  infinity = 0.1
  N_max    = 200000
  epsilon  = 1.000000e-08

Jacobi eigenpair algorithm completed:
  Number of iterations = 9510
  Max. Abs. off-diag.  = 9.91821e-09
  time spent           = 0.200309 s

Eigenvalues:
-4.002101e+00
-3.996945e+00
-3.989620e+00
-3.979201e+00
-3.965770e+00
-3.949371e+00
-3.930036e+00
-3.907799e+00
-3.882695e+00
-3.854762e+00
-3.824043e+00
-3.790585e+00
-3.754439e+00
-3.715658e+00
-3.674301e+00
-3.630430e+00
-3.584112e+00
-3.535417e+00
-3.484416e+00
-3.431188e+00
-3.375813e+00
-3.318372e+00
-3.258954e+00
-3.197648e+00
-3.134544e+00
-3.069740e+00
-3.003331e+00
-2.935418e+00
-2.866104e+00
-2.795491e+00
-2.723687e+00
-2.650800e+00
-2.576939e+00
-2.502214e+00
-2.426740e+00
-2.350629e+00
-2.273995e+00
-2.196954e+00
-2.119622e+00
-2.042115e+00
-1.964550e+00
-1.887043e+00
-1.809711e+00
-1.732671e+00
-1.656037e+00
-1.579926e+00
-1.504451e+00
-1.429727e+00
-1.355866e+00
-1.282978e+00
-1.211174e+00
-1.140562e+00
-1.071247e+00
-1.003334e+00
-9.369253e-01
-8.721206e-01
-8.090173e-01
-7.477104e-01
-6.882921e-01
-6.308517e-01
-5.754758e-01
-5.222475e-01
-4.712470e-01
-4.225509e-01
-3.762325e-01
-3.323616e-01
-2.910040e-01
-2.522221e-01
-2.160743e-01
-1.826149e-01
-1.518945e-01
-1.239594e-01
-9.885183e-02
-7.661011e-02
-5.726843e-02
-4.085725e-02
-2.740290e-02
-1.691905e-02
-9.297479e-03
-3.734014e-03

Eigenvectors:

eigenvalue = -4.002101e+00:
-2.301314e-03
+4.607459e-03
-6.923255e-03
+9.253500e-03
-1.160296e-02
+1.397635e-02
-1.637834e-02
+1.881351e-02
-2.128637e-02
+2.380133e-02
-2.636265e-02
+2.897450e-02
-3.164085e-02
+3.436553e-02
-3.715214e-02
+4.000405e-02
-4.292440e-02
+4.591601e-02
-4.898142e-02
+5.212277e-02
-5.534184e-02
+5.863998e-02
-6.201805e-02
+6.547640e-02
-6.901482e-02
+7.263249e-02
-7.632791e-02
+8.009887e-02
-8.394239e-02
+8.785466e-02
-9.183098e-02
+9.586571e-02
-9.995222e-02
+1.040828e-01
-1.082487e-01
+1.124398e-01
-1.166451e-01
+1.208520e-01
-1.250468e-01
+1.292145e-01
-1.333385e-01
+1.374009e-01
-1.413827e-01
+1.452630e-01
-1.490198e-01
+1.526297e-01
-1.560681e-01
+1.593088e-01
-1.623248e-01
+1.650878e-01
-1.675685e-01
+1.697370e-01
-1.715625e-01
+1.730140e-01
-1.740599e-01
+1.746690e-01
-1.748102e-01
+1.744529e-01
-1.735677e-01
+1.721262e-01
-1.701019e-01
+1.674702e-01
-1.642091e-01
+1.602997e-01
-1.557263e-01
+1.504772e-01
-1.445452e-01
+1.379279e-01
-1.306282e-01
+1.226551e-01
-1.140237e-01
+1.047557e-01
-9.488002e-02
+8.443308e-02
-7.345881e-02
+6.200907e-02
-5.014370e-02
+3.793054e-02
-2.544534e-02
+1.277154e-02

eigenvalue = -3.996945e+00:
-9.825920e-03
+1.962181e-02
-2.935763e-02
+3.900337e-02
-4.852900e-02
+5.790455e-02
-6.710002e-02
+7.608550e-02
-8.483113e-02
+9.330713e-02
-1.014839e-01
+1.093319e-01
-1.168219e-01
+1.239250e-01
-1.306124e-01
+1.368561e-01
-1.426283e-01
+1.479019e-01
-1.526508e-01
+1.568492e-01
-1.604729e-01
+1.634986e-01
-1.659041e-01
+1.676691e-01
-1.687746e-01
+1.692038e-01
-1.689418e-01
+1.679760e-01
-1.662963e-01
+1.638954e-01
-1.607690e-01
+1.569161e-01
-1.523388e-01
+1.470434e-01
-1.410396e-01
+1.343417e-01
-1.269680e-01
+1.189415e-01
-1.102899e-01
+1.010457e-01
-9.124636e-02
+8.093451e-02
-7.015783e-02
+5.896911e-02
-4.742624e-02
+3.559211e-02
-2.353446e-02
+1.132568e-02
+9.574648e-04
-1.323418e-02
+2.542005e-02
-3.742748e-02
+4.916633e-02
-6.054449e-02
+7.146861e-02
-8.184488e-02
+9.157994e-02
-1.005817e-01
+1.087605e-01
-1.160301e-01
+1.223085e-01
-1.275196e-01
+1.315941e-01
-1.344705e-01
+1.360966e-01
-1.364305e-01
+1.354419e-01
-1.331128e-01
+1.294390e-01
-1.244305e-01
+1.181125e-01
-1.105263e-01
+1.017291e-01
-9.179484e-02
+8.081405e-02
-6.889353e-02
+5.615605e-02
-4.273955e-02
+2.879616e-02
-1.449089e-02

eigenvalue = -3.989620e+00:
-1.693889e-02
+3.370193e-02
-5.011495e-02
+6.600712e-02
-8.121256e-02
+9.557194e-02
-1.089341e-01
+1.211574e-01
-1.321113e-01
+1.416777e-01
-1.497519e-01
+1.562441e-01
-1.610803e-01
+1.642030e-01
-1.655724e-01
+1.651664e-01
-1.629815e-01
+1.590332e-01
-1.533557e-01
+1.460020e-01
-1.370439e-01
+1.265712e-01
-1.146913e-01
+1.015286e-01
-8.722285e-02
+7.192870e-02
-5.581386e-02
+3.905768e-02
-2.184942e-02
+4.386365e-03
+1.312823e-02
-3.048734e-02
+4.748241e-02
-6.390583e-02
+7.955333e-02
-9.422657e-02
+1.077356e-01
-1.199017e-01
+1.305593e-01
-1.395591e-01
+1.467699e-01
-1.520814e-01
+1.554054e-01
-1.566784e-01
+1.558628e-01
-1.529484e-01
+1.479531e-01
-1.409240e-01
+1.319374e-01
-1.210984e-01
+1.085410e-01
-9.442677e-02
+7.894323e-02
-6.230232e-02
+4.473783e-02
-2.650271e-02
+7.865829e-03
+1.089165e-02
-2.948023e-02
+4.760641e-02
-6.497723e-02
+8.130511e-02
-9.631272e-02
+1.097380e-01
-1.213392e-01
+1.308995e-01
-1.382321e-01
+1.431841e-01
-1.456408e-01
+1.455290e-01
-1.428198e-01
+1.375308e-01
-1.297277e-01
+1.195243e-01
-1.070828e-01
+9.261173e-02
-7.636407e-02
+5.863370e-02
-3.975103e-02
+2.007764e-02

eigenvalue = -3.979201e+00:
+2.336539e-02
-4.624476e-02
+6.816199e-02
-8.866057e-02
+1.073129e-01
-1.237291e-01
+1.375651e-01
-1.485295e-01
+1.563902e-01
-1.609787e-01
+1.621945e-01
-1.600068e-01
+1.544560e-01
-1.456528e-01
+1.337767e-01
-1.190722e-01
+1.018446e-01
-8.245393e-02
+6.130752e-02
-3.885223e-02
+1.556515e-02
+8.056126e-03
-3.150390e-02
+5.427102e-02
-7.586170e-02
+9.580224e-02
-1.136515e-01
+1.290105e-01
-1.415321e-01
+1.509285e-01
-1.569787e-01
+1.595339e-01
-1.585219e-01
+1.539497e-01
-1.459042e-01
+1.345516e-01
-1.201346e-01
+1.029682e-01
-8.343358e-02
+6.197015e-02
-3.906668e-02
+1.525055e-02
+8.923788e-03
-3.288736e-02
+5.606986e-02
-7.791310e-02
+9.788452e-02
-1.154905e-01
+1.302887e-01
-1.419003e-01
+1.500197e-01
-1.544241e-01
+1.549802e-01
-1.516493e-01
+1.444901e-01
-1.336596e-01
+1.194101e-01
-1.020857e-01
+8.211453e-02
-5.999979e-02
+3.630789e-02
-1.165489e-02
-1.330881e-02
+3.791518e-02
-6.149624e-02
+8.340222e-02
-1.030198e-01
+1.197897e-01
-1.332239e-01
+1.429204e-01
-1.485768e-01
+1.500014e-01
-1.471209e-01
+1.399855e-01
-1.287701e-01
+1.137723e-01
-9.540663e-02
+7.419437e-02
-5.075092e-02
+2.576913e-02

eigenvalue = -3.965770e+00:
-2.957450e-02
+5.813662e-02
-8.470837e-02
+1.083794e-01
-1.283380e-01
+1.438986e-01
-1.545257e-01
+1.598519e-01
-1.596908e-01
+1.540437e-01
-1.431002e-01
+1.272320e-01
-1.069808e-01
+8.304003e-02
-5.623200e-02
+2.747987e-02
+2.223616e-03
-3.185001e-02
+6.037045e-02
-8.679119e-02
+1.101882e-01
-1.297393e-01
+1.447538e-01
-1.546967e-01
+1.592084e-01
-1.581189e-01
+1.514539e-01
-1.394365e-01
+1.224795e-01
-1.011731e-01
+7.626470e-02
-4.863407e-02
+1.926281e-02
+1.079980e-02
-4.047370e-02
+6.868662e-02
-9.441273e-02
+1.167101e-01
-1.347556e-01
+1.478760e-01
-1.555741e-01
+1.575482e-01
-1.537059e-01
+1.441690e-01
-1.292719e-01
+1.095507e-01
-8.572639e-02
+5.867899e-02
-2.941696e-02
-9.596721e-04
+3.129979e-02
-6.044444e-02
+8.727097e-02
-1.107366e-01
+1.299195e-01
-1.440563e-01
+1.525735e-01
-1.551125e-01
+1.515468e-01
-1.419895e-01
+1.267929e-01
-1.065371e-01
+8.201030e-02
-5.418020e-02
+2.415727e-02
+6.848124e-03
-3.757364e-02
+6.675594e-02
-9.318271e-02
+1.157437e-01
-1.334783e-01
+1.456184e-01
-1.516234e-01
+1.512069e-01
-1.443525e-01
+1.313194e-01
-1.126351e-01
+8.907745e-02
-6.164468e-02
+3.151544e-02

eigenvalue = -3.949371e+00:
-3.566140e-02
+6.951723e-02
-9.985304e-02
+1.251320e-01
-1.440726e-01
+1.557134e-01
-1.594621e-01
+1.551254e-01
-1.429198e-01
+1.234606e-01
-9.773185e-02
+6.703704e-02
-3.293348e-02
-2.845948e-03
+3.848044e-02
-7.215350e-02
+1.021453e-01
-1.269207e-01
+1.452074e-01
-1.560626e-01
+1.589213e-01
-1.536271e-01
+1.404416e-01
-1.200325e-01
+9.344079e-02
-6.202928e-02
+2.741337e-02
+8.620913e-03
-4.420843e-02
+7.750104e-02
-1.067635e-01
+1.304643e-01
-1.473562e-01
+1.565430e-01
-1.575283e-01
+1.502440e-01
-1.350562e-01
+1.127488e-01
-8.448487e-02
+5.174771e-02
-1.626442e-02
-2.008399e-02
+5.536156e-02
-8.768021e-02
+1.153010e-01
-1.367283e-01
+1.507922e-01
-1.567139e-01
+1.541511e-01
-1.432196e-01
+1.244912e-01
-9.896652e-02
+6.802334e-02
-3.334498e-02
-3.169820e-03
+3.950951e-02
-7.366003e-02
+1.037164e-01
-1.279900e-01
+1.451045e-01
-1.540763e-01
+1.543735e-01
-1.459505e-01
+1.292552e-01
-1.052089e-01
+7.515849e-02
-4.080387e-02
+4.104211e-03
+3.283217e-02
-6.786804e-02
+9.896095e-02
-1.242832e-01
+1.423311e-01
-1.520169e-01
+1.527374e-01
-1.444155e-01
+1.275106e-01
-1.029977e-01
+7.231495e-02
-3.728312e-02

eigenvalue = -3.930036e+00:
+4.165357e-02
-8.039284e-02
+1.135070e-01
-1.386783e-01
+1.541438e-01
-1.588190e-01
+1.523738e-01
-1.352567e-01
+1.086634e-01
-7.445414e-02
+3.502447e-02
+6.862110e-03
-4.826708e-02
+8.628269e-02
-1.182359e-01
+1.418763e-01
-1.555352e-01
+1.582438e-01
-1.498029e-01
+1.307989e-01
-1.025639e-01
+6.708430e-02
-2.686173e-02
-1.526184e-02
+5.630425e-02
-9.335377e-02
+1.237757e-01
-1.454004e-01
+1.566786e-01
-1.567941e-01
+1.457247e-01
-1.242464e-01
+9.388145e-02
-5.679241e-02
+1.562990e-02
+2.665531e-02
-6.702297e-02
+1.025616e-01
-1.306990e-01
+1.493891e-01
-1.572632e-01
+1.537316e-01
-1.390311e-01
+1.142117e-01
-8.106458e-02
+4.199570e-02
+1.467904e-04
-4.227852e-02
+8.130382e-02
-1.143433e-01
+1.389472e-01
-1.532790e-01
+1.562552e-01
-1.476302e-01
+1.280203e-01
-9.886341e-02
+6.231715e-02
-2.110236e-02
-2.169701e-02
+6.286327e-02
-9.928646e-02
+1.282001e-01
-1.473933e-01
+1.553827e-01
-1.515309e-01
+1.361017e-01
-1.102467e-01
+7.592418e-02
-3.575460e-02
-7.175944e-03
+4.955084e-02
-8.807827e-02
+1.197475e-01
-1.420662e-01
+1.532596e-01
-1.524165e-01
+1.395680e-01
-1.156936e-01
+8.265204e-02
-4.304162e-02

eigenvalue = -3.907799e+00:
-4.755859e-02
+9.073217e-02
-1.255396e-01
+1.487705e-01
-1.582811e-01
+1.531919e-01
-1.339700e-01
+1.023860e-01
-6.135187e-02
+1.465352e-02
+3.339813e-02
-7.836429e-02
+1.160880e-01
-1.430784e-01
+1.568342e-01
-1.560760e-01
+1.408665e-01
-1.126070e-01
+7.390949e-02
-2.835679e-02
-1.982772e-02
+6.617077e-02
-1.063640e-01
+1.366647e-01
-1.542448e-01
+1.574565e-01
-1.459883e-01
+1.208978e-01
-8.451591e-02
+4.023328e-02
+7.814080e-03
-5.512953e-02
+9.727596e-02
-1.302920e-01
+1.510655e-01
-1.576286e-01
+1.493469e-01
-1.269836e-01
+9.263293e-02
-4.952668e-02
+1.733258e-03
+4.622441e-02
-8.979588e-02
+1.248351e-01
-1.479960e-01
+1.570548e-01
-1.511266e-01
+1.307555e-01
-9.786957e-02
+5.560183e-02
-7.995693e-03
-4.037935e-02
+8.486497e-02
-1.211627e-01
+1.457506e-01
-1.562282e-01
+1.515547e-01
-1.321573e-01
+9.989731e-02
-5.789669e-02
+1.024028e-02
+3.841836e-02
-8.330972e-02
+1.200159e-01
-1.449073e-01
+1.555050e-01
-1.507326e-01
+1.310312e-01
-9.832521e-02
+5.584008e-02
-7.789421e-03
-4.103928e-02
+8.575986e-02
-1.218768e-01
+1.457393e-01
-1.549152e-01
+1.484439e-01
-1.269446e-01
+9.256373e-02
-4.876794e-02

eigenvalue = -3.882695e+00:
-5.337614e-02
+1.004909e-01
-1.358170e-01
+1.552092e-01
-1.563908e-01
+1.392210e-01
-1.057123e-01
+5.979507e-02
-6.857775e-03
-4.688482e-02
+9.512045e-02
-1.321804e-01
+1.537060e-01
-1.571614e-01
+1.421341e-01
-1.103851e-01
+6.564419e-02
-1.317401e-02
-4.084805e-02
+9.005595e-02
-1.286449e-01
+1.520568e-01
-1.575194e-01
+1.443772e-01
-1.141721e-01
+7.046528e-02
-1.841993e-02
-3.580664e-02
+8.579012e-02
-1.256000e-01
+1.505041e-01
-1.575329e-01
+1.458364e-01
-1.167905e-01
+7.383872e-02
-2.208742e-02
-3.229847e-02
+8.282819e-02
-1.234595e-01
+1.493221e-01
-1.573044e-01
+1.464310e-01
-1.179869e-01
+7.536979e-02
-2.368904e-02
-3.084367e-02
+8.165879e-02
-1.226200e-01
+1.487667e-01
-1.569178e-01
+1.460638e-01
-1.174968e-01
+7.466253e-02
-2.275032e-02
-3.193172e-02
+8.272079e-02
-1.234109e-01
+1.490132e-01
-1.563715e-01
+1.445569e-01
-1.149919e-01
+7.128568e-02
-1.879960e-02
-3.600550e-02
+8.636219e-02
-1.260320e-01
+1.500809e-01
-1.554978e-01
+1.415780e-01
-1.100231e-01
+6.474020e-02
-1.136556e-02
-4.343211e-02
+9.278222e-02
-1.304741e-01
+1.517422e-01
-1.538742e-01
+1.365655e-01
-1.019707e-01
+5.444416e-02

eigenvalue = -3.854762e+00:
+5.910241e-02
-1.096208e-01
+1.442175e-01
-1.578663e-01
+1.485832e-01
-1.177144e-01
+6.974267e-02
-1.163641e-02
-4.816103e-02
+1.009577e-01
-1.390761e-01
+1.569698e-01
-1.520310e-01
+1.249725e-01
-7.972585e-02
+2.287266e-02
+3.731142e-02
-9.206005e-02
+1.333926e-01
-1.552781e-01
+1.545167e-01
-1.312098e-01
+8.874941e-02
-3.332773e-02
-2.696366e-02
+8.331322e-02
-1.274767e-01
+1.529841e-01
-1.560896e-01
+1.363250e-01
-9.657375e-02
+4.265492e-02
+1.752559e-02
-7.513164e-02
+1.216933e-01
-1.503534e-01
+1.568794e-01
-1.402933e-01
+1.030225e-01
-5.055010e-02
-9.387341e-03
+6.793733e-02
-1.164376e-01
+1.476986e-01
-1.570723e-01
+1.431484e-01
-1.079723e-01
+5.675094e-02
+2.912051e-03
-6.214145e-02
+1.121088e-01
-1.453492e-01
+1.568805e-01
-1.449550e-01
+1.113324e-01
-6.102681e-02
+1.566110e-03
+5.812981e-02
-1.090850e-01
+1.436182e-01
-1.565046e-01
+1.457730e-01
-1.130155e-01
+6.316031e-02
-3.737509e-03
-5.625219e-02
+1.076985e-01
-1.427660e-01
+1.560923e-01
-1.456155e-01
+1.129022e-01
-6.292382e-02
+3.309352e-03
+5.681264e-02
-1.082091e-01
+1.429618e-01
-1.556925e-01
+1.444037e-01
-1.108031e-01
+6.005562e-02

eigenvalue = -3.824043e+00:
+6.473186e-02
-1.180736e-01
+1.506389e-01
-1.566961e-01
+1.351779e-01
-8.986901e-02
+2.874219e-02
+3.744415e-02
-9.703830e-02
+1.395459e-01
-1.574783e-01
+1.476723e-01
-1.118499e-01
+5.631805e-02
+9.140181e-03
-7.298701e-02
+1.239628e-01
-1.530719e-01
+1.551715e-01
-1.298822e-01
+8.166011e-02
-1.901451e-02
-4.699085e-02
+1.046900e-01
-1.438763e-01
+1.576096e-01
-1.434481e-01
+1.038865e-01
-4.592131e-02
-2.018292e-02
+8.270814e-02
-1.305592e-01
+1.552337e-01
-1.523362e-01
+1.223657e-01
-7.063571e-02
+6.337370e-03
+5.908929e-02
-1.139888e-01
+1.485669e-01
-1.566414e-01
+1.367525e-01
-9.243346e-02
+3.158962e-02
+3.490584e-02
-9.515164e-02
+1.383480e-01
-1.567354e-01
+1.469937e-01
-1.108496e-01
+5.477840e-02
+1.114858e-02
-7.506793e-02
+1.254572e-01
-1.532139e-01
+1.533051e-01
-1.256886e-01
+7.533394e-02
-1.133751e-02
-5.471397e-02
+1.108380e-01
-1.468307e-01
+1.561273e-01
-1.370079e-01
+9.292563e-02
-3.189413e-02
-3.496110e-02
+9.542549e-02
-1.384266e-01
+1.560662e-01
-1.450793e-01
+1.074501e-01
-5.006536e-02
-1.653536e-02
+8.008856e-02
-1.288630e-01
+1.538287e-01
-1.503372e-01
+1.189987e-01
-6.558974e-02

eigenvalue = -3.790585e+00:
-7.025801e-02
+1.258029e-01
-1.550020e-01
+1.517393e-01
-1.166965e-01
+5.721131e-02
+1.425791e-02
-8.274025e-02
+1.338875e-01
-1.569802e-01
+1.471751e-01
-1.065222e-01
+4.353861e-02
+2.857381e-02
-9.469392e-02
+1.409513e-01
-1.576364e-01
+1.412407e-01
-9.519737e-02
+2.916597e-02
+4.299100e-02
-1.061161e-01
+1.469407e-01
-1.568753e-01
+1.338202e-01
-8.261367e-02
+1.402155e-02
+5.752247e-02
-1.169517e-01
+1.517396e-01
-1.545429e-01
+1.247563e-01
-6.864920e-02
-1.948016e-03
+7.213385e-02
-1.270791e-01
+1.551612e-01
-1.504264e-01
+1.138591e-01
-5.318412e-02
-1.875812e-02
+8.672408e-02
-1.362956e-01
+1.569407e-01
-1.442570e-01
+1.009186e-01
-3.612089e-02
-3.636270e-02
+1.011037e-01
-1.443022e-01
+1.567318e-01
-1.357181e-01
+8.572378e-02
-1.741061e-02
-5.462598e-02
+1.149712e-01
-1.506903e-01
+1.541064e-01
-1.244602e-01
+6.808992e-02
+2.913018e-03
-7.328940e-02
+1.278885e-01
-1.549323e-01
+1.485637e-01
-1.101270e-01
+4.789701e-02
+2.469107e-02
-9.193446e-02
+1.392583e-01
-1.563794e-01
+1.395509e-01
-9.239569e-02
+2.514107e-02
+4.758829e-02
-1.099440e-01
+1.483079e-01
-1.542738e-01
+1.265019e-01
-7.103531e-02

eigenvalue = -3.754439e+00:
+7.567396e-02
-1.327652e-01
+1.572536e-01
-1.431245e-01
+9.384597e-02
-2.151895e-02
-5.609347e-02
+1.199273e-01
-1.542999e-01
+1.507634e-01
-1.101822e-01
+4.252421e-02
+3.558544e-02
-1.049475e-01
+1.485072e-01
-1.555483e-01
+1.243320e-01
-6.252987e-02
-1.465808e-02
+8.823851e-02
-1.400972e-01
+1.574592e-01
-1.360392e-01
+8.110348e-02
-6.180709e-03
-7.026569e-02
+1.293851e-01
-1.565888e-01
+1.451532e-01
-9.788754e-02
+2.645017e-02
+5.152109e-02
-1.167603e-01
+1.531339e-01
-1.516340e-01
+1.126154e-01
-4.572040e-02
-3.249717e-02
+1.026632e-01
-1.473810e-01
+1.555484e-01
-1.251206e-01
+6.363152e-02
+1.366229e-02
-8.756085e-02
+1.396876e-01
-1.570619e-01
+1.353391e-01
-7.990699e-02
+4.560351e-03
+7.192351e-02
-1.304606e-01
+1.564239e-01
-1.433059e-01
+9.436050e-02
-2.180877e-02
-5.620258e-02
+1.201344e-01
-1.539499e-01
+1.491445e-01
-1.068965e-01
+3.779268e-02
+4.081303e-02
-1.091497e-01
+1.500021e-01
-1.530537e-01
+1.175051e-01
-5.229785e-02
-2.612036e-02
+9.793486e-02
-1.449689e-01
+1.552904e-01
-1.262515e-01
+6.518471e-02
+1.243300e-02
-8.689106e-02
+1.392471e-01
-1.561510e-01
+1.332624e-01
-7.638194e-02

eigenvalue = -3.715658e+00:
-8.097241e-02
+1.389208e-01
-1.573673e-01
+1.310654e-01
-6.749281e-02
-1.527339e-02
+9.369587e-02
-1.454696e-01
+1.558660e-01
-1.219238e-01
+5.329492e-02
+3.049783e-02
-1.056121e-01
+1.506691e-01
-1.528395e-01
+1.114987e-01
-3.841059e-02
-4.561619e-02
+1.166498e-01
-1.544508e-01
+1.482406e-01
-9.977976e-02
+2.287364e-02
+6.055487e-02
-1.267119e-01
+1.567186e-01
-1.420021e-01
+8.675061e-02
-6.728541e-03
-7.521536e-02
+1.356692e-01
-1.573477e-01
+1.340401e-01
-7.239667e-02
-9.959769e-03
+8.946563e-02
-1.433559e-01
+1.561848e-01
-1.242601e-01
+5.671481e-02
+2.709518e-02
-1.031314e-01
+1.495658e-01
-1.530507e-01
+1.125652e-01
-3.972518e-02
-4.453850e-02
+1.159880e-01
-1.540499e-01
+1.477451e-01
-9.886715e-02
+2.148510e-02
+6.209463e-02
-1.277524e-01
+1.565169e-01
-1.400554e-01
+8.310073e-02
-2.105506e-03
-7.949920e-02
+1.380771e-01
-1.566362e-01
+1.297686e-01
-6.524202e-02
-1.823034e-02
+9.640523e-02
-1.465472e-01
+1.540466e-01
-1.166901e-01
+4.533116e-02
+3.924627e-02
-1.123712e-01
+1.526809e-01
-1.483705e-01
+1.006670e-01
-2.349937e-02
-6.055157e-02
+1.268521e-01
-1.559368e-01
+1.392361e-01
-8.162016e-02

eigenvalue = -3.674301e+00:
+8.614620e-02
-1.442345e-01
+1.553448e-01
-1.158573e-01
+3.863232e-02
+5.117667e-02
-1.243146e-01
+1.569541e-01
-1.384584e-01
+7.484983e-02
+1.314873e-02
-9.686234e-02
+1.490067e-01
-1.525813e-01
+1.064146e-01
-2.555233e-02
-6.364232e-02
+1.320807e-01
-1.574352e-01
+1.314266e-01
-6.253224e-02
-2.677083e-02
+1.073349e-01
-1.528535e-01
+1.484536e-01
-9.556110e-02
+1.144590e-02
+7.640994e-02
-1.392878e-01
+1.566212e-01
-1.227283e-01
+4.868310e-02
+4.129411e-02
-1.177533e-01
+1.556529e-01
-1.425658e-01
+8.276345e-02
+4.167558e-03
-8.973202e-02
+1.458628e-01
-1.541304e-01
+1.118030e-01
-3.276078e-02
-5.704392e-02
+1.281011e-01
-1.570405e-01
+1.343254e-01
-6.740837e-02
-2.170026e-02
+1.036617e-01
-1.514656e-01
+1.493368e-01
-9.795361e-02
+1.424762e-02
+7.416214e-02
-1.380754e-01
+1.563576e-01
-1.229400e-01
+4.885051e-02
+4.140872e-02
-1.179540e-01
+1.554127e-01
-1.413431e-01
+8.038306e-02
+7.259490e-03
-9.249088e-02
+1.469840e-01
-1.525988e-01
+1.074369e-01
-2.650316e-02
-6.326054e-02
+1.319343e-01
-1.565946e-01
+1.289803e-01
-5.828071e-02
-3.190058e-02
+1.114110e-01
-1.536282e-01
+1.443842e-01
-8.674086e-02

eigenvalue = -3.630430e+00:
+9.118803e-02
-1.486756e-01
+1.512162e-01
-9.786983e-02
+8.351320e-03
+8.425390e-02
-1.457168e-01
+1.533163e-01
-1.042398e-01
+1.662648e-02
+7.713397e-02
-1.423738e-01
+1.549653e-01
-1.102464e-01
+2.475085e-02
+6.990039e-02
-1.386913e-01
+1.561650e-01
-1.158477e-01
+3.265283e-02
+6.262941e-02
-1.347236e-01
+1.569287e-01
-1.210111e-01
+4.026521e-02
+5.539982e-02
-1.305337e-01
+1.572812e-01
-1.257144e-01
+4.752618e-02
+4.829145e-02
-1.261913e-01
+1.572577e-01
-1.299454e-01
+5.438021e-02
+4.138376e-02
-1.217718e-01
+1.569026e-01
-1.337016e-01
+6.077854e-02
+3.475461e-02
-1.173545e-01
+1.562681e-01
-1.369894e-01
+6.667933e-02
+2.847922e-02
-1.130209e-01
+1.554129e-01
-1.398232e-01
+7.204745e-02
+2.262942e-02
-1.088534e-01
+1.543999e-01
-1.422237e-01
+7.685390e-02
+1.727315e-02
-1.049340e-01
+1.532948e-01
-1.442165e-01
+8.107492e-02
+1.247432e-02
-1.013427e-01
+1.521641e-01
-1.458298e-01
+8.469073e-02
+8.292810e-03
-9.815652e-02
+1.510730e-01
-1.470927e-01
+8.768400e-02
+4.784893e-03
-9.544867e-02
+1.500833e-01
-1.480327e-01
+9.003816e-02
+2.003721e-03
-9.328745e-02
+1.492519e-01
-1.486734e-01
+9.173546e-02

eigenvalue = -3.584112e+00:
-9.609073e-02
+1.522184e-01
-1.450393e-01
+7.753820e-02
+2.221199e-02
-1.127236e-01
+1.563487e-01
-1.349386e-01
+5.739603e-02
+4.402394e-02
-1.271282e-01
+1.573379e-01
-1.220782e-01
+3.601623e-02
+6.503522e-02
-1.390170e-01
+1.551291e-01
-1.066566e-01
+1.377420e-02
+8.484427e-02
-1.481253e-01
+1.497033e-01
-8.891108e-02
-8.929858e-03
+1.030491e-01
-1.542134e-01
+1.410833e-01
-6.912161e-02
-3.166948e-02
+1.192490e-01
-1.570708e-01
+1.293387e-01
-4.761432e-02
-5.399127e-02
+1.330474e-01
-1.565224e-01
+1.145924e-01
-2.476575e-02
-7.541518e-02
+1.440570e-01
-1.524360e-01
+9.702819e-02
-1.006645e-03
-9.543639e-02
+1.519070e-01
-1.447325e-01
+7.689874e-02
+2.317516e-02
-1.135294e-01
+1.562527e-01
-1.333970e-01
+5.453434e-02
+4.723327e-02
-1.291549e-01
+1.567886e-01
-1.184929e-01
+3.035115e-02
+7.056361e-02
-1.417700e-01
+1.532639e-01
-1.001762e-01
+4.858302e-03
+9.250854e-02
-1.508426e-01
+1.455014e-01
-7.871093e-02
-2.133699e-02
+1.123651e-01
-1.558701e-01
+1.334195e-01
-5.448495e-02
-4.752783e-02
+1.293988e-01
-1.564035e-01
+1.170564e-01
-2.802345e-02
-7.291082e-02
+1.428635e-01
-1.520762e-01
+9.659573e-02

eigenvalue = -3.535417e+00:
+1.008472e-01
-1.548424e-01
+1.368993e-01
-5.535327e-02
-5.191037e-02
+1.350553e-01
-1.554484e-01
+1.036111e-01
-3.627718e-03
-9.804152e-02
+1.541473e-01
-1.386104e-01
+5.864698e-02
+4.857799e-02
-1.332199e-01
+1.559244e-01
-1.061281e-01
+6.979751e-03
+9.541475e-02
-1.534286e-01
+1.400686e-01
-6.154083e-02
-4.562317e-02
+1.315546e-01
-1.562525e-01
+1.082092e-01
-9.782185e-03
-9.320031e-02
+1.527721e-01
-1.411727e-01
+6.379312e-02
+4.331711e-02
-1.302353e-01
+1.564322e-01
-1.096776e-01
+1.176387e-02
+9.163842e-02
-1.522758e-01
+1.418332e-01
-6.516848e-02
-4.193139e-02
+1.294432e-01
-1.564698e-01
+1.103622e-01
-1.265646e-02
-9.096832e-02
+1.520373e-01
-1.419604e-01
+6.543254e-02
+4.173367e-02
-1.293521e-01
+1.563629e-01
-1.100856e-01
+1.219311e-02
+9.141831e-02
-1.521368e-01
+1.414479e-01
-6.434416e-02
-4.298270e-02
+1.301125e-01
-1.560802e-01
+1.086505e-01
-1.010697e-02
-9.319322e-02
+1.526156e-01
-1.401525e-01
+6.164636e-02
+4.592142e-02
-1.318312e-01
+1.555378e-01
-1.058225e-01
+6.130705e-03
+9.645771e-02
-1.534500e-01
+1.378713e-01
-5.705775e-02
-5.076615e-02
+1.345462e-01
-1.545706e-01
+1.013138e-01

eigenvalue = -3.484416e+00:
+1.054506e-01
-1.565325e-01
+1.269078e-01
-3.184976e-02
-7.963026e-02
+1.500512e-01
-1.430999e-01
+6.235800e-02
+5.054078e-02
-1.373753e-01
+1.533604e-01
-9.024714e-02
-1.941593e-02
+1.190635e-01
-1.572882e-01
+1.143638e-01
-1.243067e-02
-9.591702e-02
+1.547641e-01
-1.337322e-01
+4.366859e-02
+6.893915e-02
-1.459521e-01
+1.475969e-01
-7.301353e-02
-3.928398e-02
+1.312868e-01
-1.554545e-01
+9.928655e-02
+8.199158e-03
-1.114463e-01
+1.570703e-01
-1.214662e-01
+2.303460e-02
+8.731389e-02
-1.524817e-01
+1.387313e-01
-5.316378e-02
-5.993112e-02
+1.419876e-01
-1.504913e-01
+8.101860e-02
+3.044381e-02
-1.261241e-01
+1.564047e-01
-1.055628e-01
-4.592522e-05
+1.056309e-01
-1.563833e-01
+1.259348e-01
-3.007648e-02
-8.140801e-02
+1.505843e-01
-1.414771e-01
+5.879785e-02
+5.446776e-02
-1.393903e-01
+1.517553e-01
-8.509957e-02
-2.588357e-02
+1.233796e-01
-1.565633e-01
+1.081083e-01
-3.260422e-03
-1.032888e-01
+1.559189e-01
-1.271246e-01
+3.191708e-02
+7.997127e-02
-1.500474e-01
+1.416410e-01
-5.911847e-02
-5.435165e-02
+1.393575e-01
-1.513498e-01
+8.401098e-02
+2.738208e-02
-1.244099e-01
+1.561404e-01
-1.058822e-01

eigenvalue = -3.431188e+00:
+1.098942e-01
-1.572792e-01
+1.152009e-01
-7.593454e-03
-1.043335e-01
+1.569103e-01
-1.202261e-01
+1.514693e-02
+9.854948e-02
-1.561776e-01
+1.249463e-01
-2.262102e-02
-9.257633e-02
+1.550913e-01
-1.293422e-01
+2.997741e-02
+8.645063e-02
-1.536665e-01
+1.333991e-01
-3.717940e-02
-8.021106e-02
+1.519226e-01
-1.371067e-01
+4.419239e-02
+7.389790e-02
-1.498838e-01
+1.404596e-01
-5.098429e-02
-6.755242e-02
+1.475779e-01
-1.434570e-01
+5.752586e-02
+6.121640e-02
-1.450364e-01
+1.461025e-01
-6.379098e-02
-5.493162e-02
+1.422939e-01
-1.484045e-01
+6.975690e-02
+4.873936e-02
-1.393872e-01
+1.503753e-01
-7.540428e-02
-4.268003e-02
+1.363557e-01
-1.520309e-01
+8.071727e-02
+3.679274e-02
-1.332400e-01
+1.533910e-01
-8.568340e-02
-3.111509e-02
+1.300817e-01
-1.544782e-01
+9.029345e-02
+2.568287e-02
-1.269233e-01
+1.553175e-01
-9.454123e-02
-2.052993e-02
+1.238070e-01
-1.559358e-01
+9.842321e-02
+1.568812e-02
-1.207748e-01
+1.563616e-01
-1.019382e-01
-1.118726e-02
+1.178681e-01
-1.566239e-01
+1.050868e-01
+7.055207e-03
-1.151268e-01
+1.567521e-01
-1.078710e-01
-3.317993e-03
+1.125897e-01
-1.567750e-01
+1.102936e-01

eigenvalue = -3.375813e+00:
-1.141715e-01
+1.570784e-01
-1.019380e-01
-1.683224e-02
+1.250956e-01
-1.552711e-01
+8.851980e-02
+3.349105e-02
-1.345939e-01
+1.516684e-01
-7.405018e-02
-4.980285e-02
+1.425586e-01
-1.462944e-01
+5.867132e-02
+6.559377e-02
-1.488905e-01
+1.391860e-01
-4.253467e-02
-8.068968e-02
+1.534994e-01
-1.303935e-01
+2.580145e-02
+9.491633e-02
-1.563052e-01
+1.199814e-01
-8.643138e-03
-1.080997e-01
+1.572389e-01
-1.080300e-01
-8.758066e-03
+1.200666e-01
-1.562437e-01
+9.463609e-02
+2.620892e-02
-1.306457e-01
+1.532770e-01
-7.991493e-02
-4.350495e-02
+1.396687e-01
-1.483124e-01
+6.400139e-02
+6.043059e-02
-1.469723e-01
+1.413420e-01
-4.705161e-02
-7.675956e-02
+1.523999e-01
-1.323790e-01
+2.924432e-02
+9.225574e-02
-1.558052e-01
+1.214609e-01
-1.078219e-02
-1.066745e-01
+1.570545e-01
-1.086524e-01
-8.107265e-03
+1.197649e-01
-1.560313e-01
+9.404884e-02
+2.717113e-02
-1.312720e-01
+1.526405e-01
-7.777971e-02
-4.613103e-02
+1.409411e-01
-1.468132e-01
+6.001163e-02
+6.468390e-02
-1.485215e-01
+1.385127e-01
-4.095158e-02
-8.250359e-02
+1.537725e-01
-1.277401e-01
+2.084946e-02
+9.924360e-02
-1.564698e-01
+1.145411e-01

eigenvalue = -3.318372e+00:
+1.182761e-01
-1.559318e-01
+8.729912e-02
+4.084026e-02
-1.411408e-01
+1.452305e-01
-5.031912e-02
-7.889492e-02
+1.543243e-01
-1.245429e-01
+9.850684e-03
+1.115579e-01
-1.569010e-01
+9.525571e-02
+3.134701e-02
-1.365720e-01
+1.486524e-01
-5.934182e-02
-7.044713e-02
+1.521786e-01
-1.300882e-01
+1.923862e-02
+1.047387e-01
-1.572388e-01
+1.024225e-01
+2.230531e-02
-1.318063e-01
+1.513180e-01
-6.750638e-02
-6.240596e-02
+1.496951e-01
-1.347286e-01
+2.771716e-02
+9.823309e-02
-1.570519e-01
+1.085266e-01
+1.418784e-02
-1.272018e-01
+1.532316e-01
-7.445922e-02
-5.524816e-02
+1.471553e-01
-1.383617e-01
+3.486701e-02
+9.249688e-02
-1.565269e-01
+1.133590e-01
+7.459144e-03
-1.231667e-01
+1.544698e-01
-7.989334e-02
-4.945731e-02
+1.448927e-01
-1.409448e-01
+4.029872e-02
+8.800193e-02
-1.558974e-01
+1.167569e-01
+2.566959e-03
-1.201275e-01
+1.551467e-01
-8.353372e-02
-4.550755e-02
+1.432543e-01
-1.424607e-01
+4.364451e-02
+8.521072e-02
-1.554010e-01
+1.185704e-01
-5.858488e-05
-1.184936e-01
+1.553669e-01
-8.511020e-02
-4.385122e-02
+1.425564e-01
-1.428691e-01
+4.454045e-02
+8.455067e-02
-1.552257e-01
+1.186180e-01

eigenvalue = -3.258954e+00:
-1.222021e-01
+1.538467e-01
-7.148288e-02
-6.385395e-02
+1.518705e-01
-1.273383e-01
+8.435602e-03
+1.167189e-01
-1.553680e-01
+7.886311e-02
+5.609496e-02
-1.494738e-01
+1.320529e-01
-1.674074e-02
-1.109820e-01
+1.564240e-01
-8.588758e-02
-4.833327e-02
+1.467131e-01
-1.362911e-01
+2.478805e-02
+1.051007e-01
-1.570275e-01
+9.246314e-02
+4.070183e-02
-1.436661e-01
+1.400192e-01
-3.245610e-02
-9.919724e-02
+1.572137e-01
-9.851202e-02
-3.333591e-02
+1.404284e-01
-1.432239e-01
+3.963163e-02
+9.340350e-02
-1.570379e-01
+1.039723e-01
+2.637029e-02
-1.371102e-01
+1.459108e-01
-4.621101e-02
-8.785750e-02
+1.565720e-01
-1.087975e-01
-1.993675e-02
+1.338326e-01
-1.481018e-01
+5.210071e-02
+8.270006e-02
-1.559012e-01
+1.129544e-01
+1.416233e-02
-1.307234e-01
+1.498315e-01
-5.721678e-02
-7.807169e-02
+1.551189e-01
-1.164205e-01
-9.168423e-03
+1.279128e-01
-1.511426e-01
+6.148320e-02
+7.410995e-02
-1.543216e-01
+1.191801e-01
+5.070547e-03
-1.255290e-01
+1.520800e-01
-6.482923e-02
-7.094715e-02
+1.536034e-01
-1.212188e-01
-1.979002e-03
+1.236937e-01
-1.526853e-01
+6.718589e-02
+6.870847e-02
-1.530496e-01
+1.225181e-01

eigenvalue = -3.197648e+00:
-1.259435e-01
+1.508358e-01
-5.470363e-02
-8.532084e-02
+1.568858e-01
-1.025671e-01
-3.405220e-02
+1.433471e-01
-1.376131e-01
+2.144792e-02
+1.119293e-01
-1.554792e-01
+7.424580e-02
+6.657802e-02
-1.539629e-01
+1.177625e-01
+1.297091e-02
-1.332914e-01
+1.465993e-01
-4.220231e-02
-9.608156e-02
+1.572096e-01
-9.208412e-02
-4.699950e-02
+1.483317e-01
-1.305083e-01
+7.836769e-03
+1.211313e-01
-1.527646e-01
+6.163107e-02
+7.903688e-02
-1.561736e-01
+1.077603e-01
+2.729359e-02
-1.404003e-01
+1.405944e-01
-2.770447e-02
-1.074720e-01
+1.561815e-01
-7.921634e-02
-6.150146e-02
+1.527158e-01
-1.209877e-01
-8.156190e-03
+1.307319e-01
-1.480110e-01
+4.605581e-02
+9.300745e-02
-1.571193e-01
+9.459116e-02
+4.419290e-02
-1.473435e-01
+1.316654e-01
-9.781565e-03
-1.199940e-01
+1.529389e-01
-6.244183e-02
-7.846478e-02
+1.560127e-01
-1.075557e-01
-2.778905e-02
+1.406795e-01
-1.398712e-01
+2.599077e-02
+1.089057e-01
-1.557201e-01
+7.655825e-02
+6.455414e-02
-1.534164e-01
+1.180714e-01
+1.289032e-02
-1.334104e-01
+1.458342e-01
-4.006307e-02
-9.818713e-02
+1.568148e-01
-8.824126e-02
-5.193033e-02
+1.499539e-01
-1.262352e-01

eigenvalue = -3.134544e+00:
+1.294949e-01
-1.469175e-01
+3.718865e-02
+1.047259e-01
-1.560023e-01
+7.225966e-02
+7.402442e-02
-1.562381e-01
+1.032194e-01
+3.914385e-02
-1.476239e-01
+1.283148e-01
+2.073243e-03
-1.306664e-01
+1.461346e-01
-3.507963e-02
-1.063489e-01
+1.556903e-01
-7.021180e-02
-7.607054e-02
+1.564708e-01
-1.013474e-01
-4.156249e-02
+1.484684e-01
-1.267511e-01
-4.784340e-03
+1.321742e-01
-1.450263e-01
+3.219128e-02
+1.085452e-01
-1.551917e-01
+6.729938e-02
+7.894258e-02
-1.567322e-01
+9.860092e-02
+4.504919e-02
-1.496222e-01
+1.243917e-01
+8.768121e-03
-1.343192e-01
+1.432954e-01
-2.788866e-02
-1.117294e-01
+1.543358e-01
-6.291596e-02
-8.314903e-02
+1.569841e-01
-9.442781e-02
-5.018312e-02
+1.511791e-01
-1.207603e-01
-1.464999e-02
+1.373210e-01
-1.405588e-01
+2.152454e-02
+1.162375e-01
-1.528456e-01
+5.641568e-02
+8.912873e-02
-1.570633e-01
+8.820475e-02
+5.749134e-02
-1.530944e-01
+1.152749e-01
+2.302954e-02
-1.412546e-01
+1.362923e-01
-1.244252e-02
-1.222634e-01
+1.502686e-01
-4.710070e-02
-9.719263e-02
+1.566021e-01
-7.920745e-02
-6.739882e-02
+1.550966e-01
-1.071997e-01
-3.444247e-02
+1.459568e-01
-1.297637e-01

eigenvalue = -3.069740e+00:
+1.328510e-01
-1.421158e-01
+1.917504e-02
+1.216038e-01
-1.492564e-01
+3.805611e-02
+1.085484e-01
-1.541665e-01
+5.635464e-02
+9.388870e-02
-1.567768e-01
+7.379276e-02
+7.785395e-02
-1.570562e-01
+9.010836e-02
+6.069458e-02
-1.550121e-01
+1.050597e-01
+4.267740e-02
-1.506899e-01
+1.184298e-01
+2.408053e-02
-1.441719e-01
+1.300296e-01
+5.188186e-03
-1.355747e-01
+1.397018e-01
-1.371461e-02
-1.250471e-01
+1.473222e-01
-3.234720e-02
-1.127665e-01
+1.528020e-01
-5.043825e-02
-9.893504e-02
+1.560883e-01
-6.773047e-02
-8.377562e-02
+1.571642e-01
-8.398482e-02
-6.752711e-02
+1.560482e-01
-9.898435e-02
-5.043971e-02
+1.527929e-01
-1.125373e-01
-3.277018e-02
+1.474825e-01
-1.244799e-01
-1.477704e-02
+1.402311e-01
-1.346779e-01
+3.284072e-03
+1.311788e-01
-1.430282e-01
+2.116474e-02
+1.204886e-01
-1.494596e-01
+3.862788e-02
+1.083427e-01
-1.539319e-01
+5.545136e-02
+9.493829e-02
-1.564363e-01
+7.143122e-02
+8.048347e-02
-1.569932e-01
+8.638430e-02
+6.519334e-02
-1.556511e-01
+1.001504e-01
+4.928575e-02
-1.524839e-01
+1.125938e-01
+3.297755e-02
-1.475885e-01
+1.236044e-01
+1.648090e-02
-1.410819e-01
+1.330980e-01

eigenvalue = -3.003331e+00:
+1.360068e-01
-1.364596e-01
+9.065747e-04
+1.355501e-01
-1.369048e-01
+1.805625e-03
+1.350933e-01
-1.373389e-01
+2.689638e-03
+1.346406e-01
-1.377582e-01
+3.551095e-03
+1.341961e-01
-1.381596e-01
+4.382497e-03
+1.337640e-01
-1.385399e-01
+5.176353e-03
+1.333489e-01
-1.388960e-01
+5.925176e-03
+1.329551e-01
-1.392251e-01
+6.621500e-03
+1.325873e-01
-1.395242e-01
+7.257874e-03
+1.322502e-01
-1.397906e-01
+7.826849e-03
+1.319484e-01
-1.400215e-01
+8.321001e-03
+1.316866e-01
-1.402143e-01
+8.732915e-03
+1.314695e-01
-1.403660e-01
+9.055176e-03
+1.313017e-01
-1.404741e-01
+9.280378e-03
+1.311877e-01
-1.405354e-01
+9.401120e-03
+1.311320e-01
-1.405470e-01
+9.409991e-03
+1.311387e-01
-1.405056e-01
+9.299576e-03
+1.312119e-01
-1.404078e-01
+9.062465e-03
+1.313554e-01
-1.402498e-01
+8.691223e-03
+1.315727e-01
-1.400276e-01
+8.178413e-03
+1.318668e-01
-1.397366e-01
+7.516585e-03
+1.322405e-01
-1.393720e-01
+6.698287e-03
+1.326959e-01
-1.389283e-01
+5.716070e-03
+1.332346e-01
-1.383995e-01
+4.562498e-03
+1.338578e-01
-1.377790e-01
+3.230179e-03
+1.345657e-01
-1.370595e-01
+1.711764e-03
+1.353579e-01
-1.362330e-01

eigenvalue = -2.935418e+00:
-1.389576e-01
+1.299833e-01
+1.736965e-02
-1.462309e-01
+1.194139e-01
+3.453355e-02
-1.517153e-01
+1.073724e-01
+5.128766e-02
-1.553415e-01
+9.399791e-02
+6.743143e-02
-1.570597e-01
+7.944465e-02
+8.276946e-02
-1.568403e-01
+6.388066e-02
+9.711333e-02
-1.546743e-01
+4.748674e-02
+1.102833e-01
-1.505736e-01
+3.045496e-02
+1.221100e-01
-1.445717e-01
+1.298729e-02
+1.324366e-01
-1.367237e-01
-4.706056e-03
+1.411198e-01
-1.271064e-01
-2.240831e-02
+1.480326e-01
-1.158184e-01
-3.989801e-02
+1.530652e-01
-1.029797e-01
-5.695105e-02
+1.561274e-01
-8.873142e-02
-7.334276e-02
+1.571497e-01
-7.323541e-02
-8.885032e-02
+1.560854e-01
-5.667313e-02
-1.032551e-01
+1.529122e-01
-3.924479e-02
-1.163456e-01
+1.476332e-01
-2.116801e-02
-1.279195e-01
+1.402786e-01
-2.676199e-03
-1.377876e-01
+1.309066e-01
+1.598336e-02
-1.457758e-01
+1.196046e-01
+3.455176e-02
-1.517290e-01
+1.064894e-01
+5.276109e-02
-1.555137e-01
+9.170780e-02
+7.033737e-02
-1.570214e-01
+7.543670e-02
+8.700395e-02
-1.561720e-01
+5.788230e-02
+1.024852e-01
-1.529164e-01
+3.927935e-02
+1.165106e-01
-1.472398e-01
+1.988964e-02
+1.288191e-01
-1.391640e-01

eigenvalue = -2.866104e+00:
-1.416990e-01
+1.227258e-01
+3.540649e-02
-1.533910e-01
+9.744227e-02
+6.899961e-02
-1.571993e-01
+6.713953e-02
+9.905606e-02
-1.529201e-01
+3.336529e-02
+1.240285e-01
-1.407596e-01
-2.152354e-03
+1.426231e-01
-1.213251e-01
-3.759031e-02
+1.538657e-01
-9.559731e-02
-7.112108e-02
+1.571522e-01
-6.488335e-02
-1.010043e-01
+1.522821e-01
-3.075408e-02
-1.256752e-01
+1.394723e-01
+5.032678e-03
-1.438251e-01
+1.193504e-01
+4.061901e-02
-1.544712e-01
+9.292798e-02
+7.414021e-02
-1.570105e-01
+6.155396e-02
+1.038199e-01
-1.512562e-01
+2.685066e-02
+1.280629e-01
-1.374541e-01
-9.365585e-03
+1.455405e-01
-1.162774e-01
-4.517533e-02
+1.552645e-01
-8.879909e-02
-7.865428e-02
+1.566456e-01
-5.644382e-02
-1.079745e-01
+1.495329e-01
-2.092019e-02
-1.315034e-01
+1.342313e-01
+1.586407e-02
-1.478954e-01
+1.114963e-01
+5.189974e-02
-1.561715e-01
+8.250405e-02
+8.518235e-02
-1.557817e-01
+4.879838e-02
+1.138219e-01
-1.466470e-01
+1.221594e-02
+1.361503e-01
-1.291766e-01
-2.520730e-02
+1.508205e-01
-1.042601e-01
-6.134425e-02
+1.568923e-01
-7.323129e-02
-9.409428e-02
+1.538983e-01
-3.780688e-02
-1.215042e-01
+1.418864e-01

eigenvalue = -2.795491e+00:
+1.442270e-01
-1.147311e-01
-5.296012e-02
+1.568596e-01
-7.181651e-02
-9.973297e-02
+1.511477e-01
-2.049243e-02
-1.348482e-01
+1.277463e-01
+3.324658e-02
-1.541876e-01
+8.937442e-02
+8.311402e-02
-1.554661e-01
+4.050454e-02
+1.232609e-01
-1.385032e-01
-1.315120e-02
+1.489576e-01
-1.052524e-01
-6.530095e-02
+1.571506e-01
-5.958426e-02
-1.098042e-01
+1.468279e-01
-6.844855e-03
-1.413905e-01
+1.191508e-01
+4.675982e-02
-1.562837e-01
+7.733354e-02
+9.488620e-02
-1.526572e-01
+2.628227e-02
+1.317989e-01
-1.308668e-01
-2.796860e-02
+1.530540e-01
-9.342973e-02
-7.895937e-02
+1.560389e-01
-4.474868e-02
-1.205678e-01
+1.403036e-01
+9.390631e-03
-1.477434e-01
+1.076405e-01
+6.249434e-02
-1.571255e-01
+6.189893e-02
+1.081309e-01
-1.474704e-01
+8.549189e-03
+1.407076e-01
-1.198321e-01
-4.595500e-02
+1.561614e-01
-7.746930e-02
-9.494623e-02
+1.524772e-01
-2.548329e-02
-1.323548e-01
+1.299697e-01
+2.977644e-02
-1.534648e-01
+9.128460e-02
+8.147331e-02
-1.555217e-01
+4.111428e-02
+1.231227e-01
-1.381113e-01
-1.434762e-02
+1.494082e-01
-1.032583e-01
-6.815242e-02
+1.568729e-01
-5.522100e-02
-1.134572e-01
+1.443960e-01

eigenvalue = -2.723687e+00:
-1.465377e-01
+1.060472e-01
+6.979331e-02
-1.565548e-01
+4.349959e-02
+1.250764e-01
-1.340089e-01
-2.810584e-02
+1.543460e-01
-8.357333e-02
-9.387778e-02
+1.514942e-01
-1.572337e-02
-1.401194e-01
+1.170841e-01
+5.542727e-02
-1.571745e-01
+5.824870e-02
+1.150494e-01
-1.414452e-01
-1.277358e-02
+1.506807e-01
-9.616097e-02
-8.116777e-02
+1.548298e-01
-3.073308e-02
-1.326203e-01
+1.265614e-01
+4.118071e-02
-1.563105e-01
+7.172481e-02
+1.045093e-01
-1.471937e-01
+1.768639e-03
+1.459169e-01
-1.070944e-01
-6.862559e-02
+1.566147e-01
-4.436975e-02
-1.246077e-01
+1.342429e-01
+2.780178e-02
-1.542879e-01
+8.341961e-02
+9.416437e-02
-1.512745e-01
+1.482321e-02
+1.405971e-01
-1.160778e-01
-5.701785e-02
+1.571236e-01
-5.606762e-02
-1.167793e-01
+1.400793e-01
+1.602823e-02
-1.516048e-01
+9.296162e-02
+8.479004e-02
-1.538884e-01
+2.576053e-02
+1.353871e-01
-1.229706e-01
-4.711533e-02
+1.567824e-01
-6.536730e-02
-1.098978e-01
+1.441693e-01
+6.550739e-03
-1.488638e-01
+1.000999e-01
+7.717041e-02
-1.553542e-01
+3.402996e-02
+1.310036e-01
-1.277422e-01
-3.965336e-02
+1.560897e-01
-7.189624e-02
-1.047260e-01
+1.466889e-01

eigenvalue = -2.650800e+00:
+1.486278e-01
-9.672670e-02
-8.567864e-02
+1.524852e-01
-1.355496e-02
-1.436641e-01
+1.070437e-01
+7.400812e-02
-1.552009e-01
+2.697745e-02
+1.376481e-01
-1.165334e-01
-6.183375e-02
+1.567589e-01
-4.013808e-02
-1.306508e-01
+1.251146e-01
+4.928134e-02
-1.571626e-01
+5.291356e-02
+1.227587e-01
-1.327224e-01
-3.648090e-02
+1.564347e-01
-6.518946e-02
-1.140715e-01
+1.393097e-01
+2.356363e-02
-1.546167e-01
+7.686271e-02
+1.046999e-01
-1.448480e-01
-1.065890e-02
+1.517672e-01
-8.784373e-02
-9.476249e-02
+1.493280e-01
-2.108538e-03
-1.479604e-01
+9.805811e-02
+8.438329e-02
-1.527585e-01
+1.462123e-02
+1.432843e-01
-1.074478e-01
-7.368888e-02
+1.551668e-01
-2.677126e-02
-1.378381e-01
+1.159719e-01
+6.280556e-02
-1.565967e-01
+3.846218e-02
+1.317302e-01
-1.236067e-01
-5.185689e-02
+1.571073e-01
-4.961052e-02
-1.250752e-01
+1.303458e-01
+4.096133e-02
-1.567711e-01
+6.014679e-02
+1.179915e-01
-1.361990e-01
-3.023024e-02
+1.556721e-01
-7.001605e-02
-1.105991e-01
+1.411914e-01
+1.976628e-02
-1.539034e-01
+7.917801e-02
+1.030175e-01
-1.453620e-01
-9.662195e-03
+1.515650e-01
-8.760666e-02
-9.536302e-02
+1.487618e-01

eigenvalue = -2.576939e+00:
-1.504941e-01
+8.682560e-02
+1.004016e-01
-1.447498e-01
-1.689338e-02
+1.544956e-01
-7.223258e-02
-1.128272e-01
+1.373159e-01
+3.362130e-02
-1.567082e-01
+5.676081e-02
+1.239732e-01
-1.282538e-01
-5.001695e-02
+1.570933e-01
-4.055496e-02
-1.337135e-01
+1.176334e-01
+6.591097e-02
-1.556198e-01
+2.376747e-02
+1.419249e-01
-1.055350e-01
-8.113038e-02
+1.522650e-01
-6.560267e-03
-1.484874e-01
+9.205093e-02
+9.549765e-02
-1.470162e-01
-1.089368e-02
+1.532842e-01
-7.728745e-02
-1.088303e-01
+1.398726e-01
+2.840864e-02
-1.562034e-01
+6.136733e-02
+1.209405e-01
-1.308476e-01
-4.578469e-02
+1.571395e-01
-4.443228e-02
-1.316359e-01
+1.199718e-01
+6.280645e-02
-1.559958e-01
+2.664574e-02
+1.407204e-01
-1.072965e-01
-7.924222e-02
+1.526879e-01
-8.195573e-03
-1.479959e-01
+9.289778e-02
+9.484365e-02
-1.471471e-01
-1.070330e-02
+1.532654e-01
-7.688047e-02
-1.093461e-01
+1.393258e-01
+2.980654e-02
-1.563363e-01
+5.938316e-02
+1.224701e-01
-1.292030e-01
-4.883854e-02
+1.570254e-01
-4.058273e-02
-1.339235e-01
+1.167902e-01
+6.749130e-02
-1.551652e-01
+2.069919e-02
+1.434053e-01
-1.021393e-01
-8.542431e-02
+1.506113e-01

eigenvalue = -2.502214e+00:
+1.521338e-01
-7.640358e-02
-1.137633e-01
+1.335356e-01
+4.670306e-02
-1.569888e-01
+3.213036e-02
+1.408548e-01
-1.028560e-01
-8.921179e-02
+1.476458e-01
+1.508915e-02
-1.552205e-01
+6.282485e-02
+1.236877e-01
-1.249002e-01
-6.100976e-02
+1.555133e-01
-1.701447e-02
-1.469778e-01
+9.073922e-02
+1.014682e-01
-1.416232e-01
-3.045718e-02
+1.568925e-01
-4.818703e-02
-1.327419e-01
+1.147044e-01
+7.527272e-02
-1.524110e-01
+1.061217e-03
+1.518796e-01
-7.710030e-02
-1.132867e-01
+1.337949e-01
+4.634274e-02
-1.569774e-01
+3.216602e-02
+1.408939e-01
-1.025984e-01
-8.961774e-02
+1.473761e-01
+1.599959e-02
-1.553662e-01
+6.156912e-02
+1.246353e-01
-1.237608e-01
-6.289754e-02
+1.551280e-01
-1.444230e-02
-1.479299e-01
+8.814840e-02
+1.040238e-01
-1.399453e-01
-3.436322e-02
+1.570446e-01
-4.375620e-02
-1.352862e-01
+1.110053e-01
+8.012675e-02
-1.508064e-01
-5.244863e-03
+1.534097e-01
-7.087169e-02
-1.182594e-01
+1.295017e-01
+5.408154e-02
-1.562922e-01
+2.330918e-02
+1.447552e-01
-9.492624e-02
-9.781119e-02
+1.432756e-01
+2.701983e-02
-1.566198e-01
+5.029416e-02
+1.318041e-01
-1.152970e-01
-7.496945e-02
+1.522346e-01

eigenvalue = -2.426740e+00:
-1.535446e-01
+6.552340e-02
+1.255836e-01
-1.191132e-01
-7.475608e-02
+1.510118e-01
+1.032160e-02
-1.554156e-01
+5.598532e-02
+1.315314e-01
-1.120950e-01
-8.371663e-02
+1.478018e-01
+2.068174e-02
-1.566214e-01
+4.610117e-02
+1.369662e-01
-1.044898e-01
-9.242778e-02
+1.438816e-01
+3.111548e-02
-1.571389e-01
+3.582605e-02
+1.418793e-01
-9.624709e-02
-1.008985e-01
+1.392006e-01
+4.165075e-02
-1.569249e-01
+2.511422e-02
+1.462421e-01
-8.730736e-02
-1.091208e-01
+1.336924e-01
+5.230442e-02
-1.559152e-01
+1.392285e-02
+1.500028e-01
-7.760491e-02
-1.170656e-01
+1.272760e-01
+6.307790e-02
-1.540243e-01
+2.216356e-03
+1.530850e-01
-6.707137e-02
-1.246793e-01
+1.198572e-01
+7.395229e-02
-1.511450e-01
-1.002859e-02
+1.553849e-01
-5.563996e-02
-1.318793e-01
+1.113320e-01
+8.488275e-02
-1.471491e-01
-2.281700e-02
+1.567691e-01
-4.325089e-02
-1.385495e-01
+1.015897e-01
+9.579230e-02
-1.418887e-01
-3.612853e-02
+1.570735e-01
-2.985818e-02
-1.445361e-01
+9.051888e-02
+1.065649e-01
-1.351985e-01
-4.990907e-02
+1.561024e-01
-1.543817e-02
-1.496432e-01
+7.801396e-02
+1.170383e-01
-1.269012e-01
-6.406120e-02
+1.536293e-01

eigenvalue = -2.350629e+00:
-1.547243e-01
+5.425055e-02
+1.357028e-01
-1.018300e-01
-1.000008e-01
+1.368893e-01
+5.201095e-02
-1.551220e-01
+2.364147e-03
+1.542933e-01
-5.644032e-02
-1.345142e-01
+1.035753e-01
+9.822435e-02
-1.379863e-01
-4.988972e-02
+1.554596e-01
-4.550403e-03
-1.538663e-01
+5.841570e-02
+1.334197e-01
-1.051068e-01
-9.664377e-02
+1.389150e-01
+4.805814e-02
-1.557198e-01
+6.381244e-03
+1.534894e-01
-6.001563e-02
-1.325231e-01
+1.063003e-01
+9.540690e-02
-1.396038e-01
-4.668952e-02
+1.558922e-01
-7.679701e-03
-1.532146e-01
+6.108146e-02
+1.319321e-01
-1.070348e-01
-9.466368e-02
+1.399841e-01
+4.595760e-02
-1.559686e-01
+8.269258e-03
+1.530947e-01
-6.145492e-02
-1.317538e-01
+1.071889e-01
+9.456250e-02
-1.399849e-01
-4.603471e-02
+1.559363e-01
-7.973412e-03
-1.531760e-01
+6.097510e-02
+1.320878e-01
-1.066348e-01
-9.524535e-02
+1.395252e-01
+4.708937e-02
-1.557690e-01
+6.615109e-03
+1.534896e-01
-5.947475e-02
-1.330191e-01
+1.052319e-01
+9.684170e-02
-1.385049e-01
-4.928297e-02
+1.554168e-01
-4.016536e-03
-1.540403e-01
+5.677634e-02
+1.346067e-01
-1.028193e-01
-9.946050e-02
+1.367942e-01
+5.276501e-02
-1.547932e-01

eigenvalue = -2.273995e+00:
+1.556712e-01
-4.265290e-02
-1.439847e-01
+8.210204e-02
+1.214912e-01
-1.153854e-01
-8.988248e-02
+1.400060e-01
+5.153517e-02
-1.541201e-01
-9.330511e-03
+1.566749e-01
-3.356324e-02
-1.474873e-01
+7.392999e-02
+1.272562e-01
-1.087479e-01
-9.750774e-02
+1.354164e-01
+6.047881e-02
-1.519504e-01
-1.894727e-02
+1.571279e-01
-2.397833e-02
-1.505790e-01
+6.509281e-02
+1.328110e-01
-1.013348e-01
-1.051668e-01
+1.300152e-01
+6.972166e-02
-1.490165e-01
-2.912446e-02
+1.569481e-01
-1.360202e-02
-1.532466e-01
+5.528812e-02
+1.382133e-01
-9.285370e-02
-1.129871e-01
+1.235361e-01
+7.945531e-02
-1.450928e-01
-4.010949e-02
+1.559643e-01
-2.142583e-03
-1.553841e-01
+4.419391e-02
+1.434304e-01
-8.296825e-02
-1.210136e-01
+1.156457e-01
+8.980391e-02
-1.398670e-01
-5.210266e-02
+1.539027e-01
+1.066970e-02
-1.567733e-01
+3.148159e-02
+1.483145e-01
-7.130523e-02
-1.291816e-01
+1.059435e-01
+1.007945e-01
-1.329314e-01
-6.522795e-02
+1.503705e-01
+2.505599e-02
-1.570592e-01
+1.683774e-02
+1.525715e-01
-5.746933e-02
-1.372792e-01
+9.396815e-02
+1.123167e-01
-1.237794e-01
-7.949142e-02
+1.448414e-01
+4.114871e-02
-1.557245e-01

eigenvalue = -2.196954e+00:
-1.563838e-01
+3.080023e-02
+1.503177e-01
-6.040390e-02
-1.384224e-01
+8.766152e-02
+1.211619e-01
-1.115158e-01
-9.920926e-02
+1.310433e-01
+7.341968e-02
-1.454901e-01
-4.479671e-02
+1.543014e-01
+1.445247e-02
-1.571430e-01
+1.643620e-02
+1.539130e-01
-4.667403e-02
-1.447460e-01
+7.509415e-02
+1.300064e-01
-1.006036e-01
-1.102732e-01
+1.222255e-01
+8.631678e-02
-1.391371e-01
-5.906773e-02
+1.507001e-01
+2.957986e-02
-1.564854e-01
+1.011427e-03
+1.562878e-01
-3.153358e-02
-1.501327e-01
+6.082256e-02
+1.382736e-01
-8.776762e-02
-1.211805e-01
+1.113537e-01
+9.952048e-02
-1.306997e-01
-7.413000e-02
+1.450911e-01
+4.598182e-02
-1.540055e-01
-1.614646e-02
+1.571312e-01
-1.424942e-02
-1.543769e-01
+4.406638e-02
+1.458725e-01
-7.219541e-02
-1.319624e-01
+9.759948e-02
+1.131897e-01
-1.193517e-01
-9.027394e-02
+1.366687e-01
+6.408156e-02
-1.489382e-01
-3.559222e-02
+1.557397e-01
+5.860745e-03
-1.568574e-01
+2.402291e-02
+1.522855e-01
-5.297427e-02
-1.422253e-01
+7.995410e-02
+1.270751e-01
-1.040058e-01
-1.074125e-01
+1.242887e-01
+8.397068e-02
-1.401072e-01
-5.760940e-02
+1.509330e-01
+2.928210e-02
-1.564217e-01

eigenvalue = -2.119622e+00:
+1.568612e-01
-1.876386e-02
-1.546167e-01
+3.725735e-02
+1.501608e-01
-5.521422e-02
-1.435590e-01
+7.237636e-02
+1.349082e-01
-8.849774e-02
-1.243354e-01
+1.033481e-01
+1.119953e-01
-1.167164e-01
-9.806830e-02
+1.284139e-01
+8.275723e-02
-1.382771e-01
-6.628448e-02
+1.461697e-01
+4.888843e-02
-1.519850e-01
-3.081974e-02
+1.556469e-01
+1.233754e-02
-1.571110e-01
+6.294569e-03
+1.563650e-01
-2.481247e-02
-1.534287e-01
+4.295551e-02
+1.483532e-01
-6.047032e-02
-1.412199e-01
+7.711456e-02
+1.321393e-01
-9.266036e-02
-1.212484e-01
+1.068975e-01
+1.087089e-01
-1.196364e-01
-9.470419e-02
+1.307105e-01
+7.943666e-02
-1.399785e-01
-6.312412e-02
+1.473260e-01
+4.599667e-02
-1.526667e-01
-2.829300e-02
+1.559434e-01
+1.025689e-02
-1.571281e-01
+7.866413e-03
+1.562220e-01
-2.583379e-02
-1.532552e-01
+4.340762e-02
+1.482853e-01
-6.035911e-02
-1.413961e-01
+7.647133e-02
+1.326965e-01
-9.154207e-02
-1.223175e-01
+1.053863e-01
+1.104106e-01
-1.178385e-01
-9.714502e-02
+1.287542e-01
+8.270472e-02
-1.380121e-01
-6.728585e-02
+1.455145e-01
+5.109357e-02
-1.511884e-01
-3.433905e-02
+1.549858e-01
+1.723646e-02
-1.568837e-01

eigenvalue = -2.042115e+00:
-1.571026e-01
+6.616204e-03
+1.568240e-01
-1.321876e-02
-1.562676e-01
+1.979409e-02
+1.554350e-01
-2.632869e-02
-1.543287e-01
+3.280926e-02
+1.529520e-01
-3.922269e-02
-1.513087e-01
+4.555615e-02
+1.494037e-01
-5.179712e-02
-1.472424e-01
+5.793345e-02
+1.448311e-01
-6.395338e-02
-1.421767e-01
+6.984566e-02
+1.392866e-01
-7.559947e-02
-1.361691e-01
+8.120458e-02
+1.328328e-01
-8.665130e-02
-1.292870e-01
+9.193056e-02
+1.255414e-01
-9.703391e-02
-1.216062e-01
+1.019536e-01
+1.174920e-01
-1.066824e-01
-1.132098e-01
+1.112141e-01
+1.087707e-01
-1.155429e-01
-1.041864e-01
+1.196638e-01
+9.946840e-02
-1.235726e-01
-9.462872e-02
+1.272659e-01
+8.967931e-02
-1.307408e-01
-8.463221e-02
+1.339954e-01
+7.949951e-02
-1.370284e-01
-7.429324e-02
+1.398392e-01
+6.902535e-02
-1.424280e-01
-6.370771e-02
+1.447956e-01
+5.835198e-02
-1.469436e-01
-5.296966e-02
+1.488740e-01
+4.757200e-02
-1.505897e-01
-4.216997e-02
+1.520942e-01
+3.677425e-02
-1.533913e-01
-3.139516e-02
+1.544857e-01
+2.604268e-02
-1.553824e-01
-2.072639e-02
+1.560870e-01
+1.545546e-02
-1.566054e-01
-1.023864e-02
+1.569441e-01
+5.084205e-03
-1.571098e-01

eigenvalue = -1.964550e+00:
-1.571076e-01
-5.569673e-03
+1.569102e-01
+1.113426e-02
-1.565152e-01
-1.668865e-02
+1.559227e-01
+2.222773e-02
-1.551325e-01
-2.774629e-02
+1.541447e-01
+3.323912e-02
-1.529591e-01
-3.870089e-02
+1.515756e-01
+4.412619e-02
-1.499941e-01
-4.950952e-02
+1.482145e-01
+5.484525e-02
-1.462369e-01
-6.012760e-02
+1.440610e-01
+6.535069e-02
-1.416869e-01
-7.050843e-02
+1.391148e-01
+7.559459e-02
-1.363446e-01
-8.060275e-02
+1.333767e-01
+8.552629e-02
-1.302114e-01
-9.035839e-02
+1.268490e-01
+9.509200e-02
-1.232901e-01
-9.971986e-02
+1.195356e-01
+1.042345e-01
-1.155863e-01
-1.086281e-01
+1.114434e-01
+1.128929e-01
-1.071083e-01
-1.170204e-01
+1.025825e-01
+1.210023e-01
-9.786810e-02
-1.248299e-01
+9.296726e-02
+1.284941e-01
-8.788260e-02
-1.319858e-01
+8.261713e-02
+1.352954e-01
-7.717425e-02
-1.384134e-01
+7.155784e-02
+1.413298e-01
-6.577226e-02
-1.440344e-01
+5.982239e-02
+1.465170e-01
-5.371369e-02
-1.487670e-01
+4.745223e-02
+1.507739e-01
-4.104473e-02
-1.525267e-01
+3.449856e-02
+1.540148e-01
-2.782186e-02
-1.552270e-01
+2.102353e-02
+1.561525e-01
-1.411325e-02
-1.567804e-01
+7.101597e-03
+1.570997e-01

eigenvalue = -1.887043e+00:
+1.568764e-01
+1.772048e-02
-1.548747e-01
-3.521674e-02
+1.508958e-01
+5.226719e-02
-1.449890e-01
-6.865550e-02
+1.372272e-01
+8.417318e-02
-1.277065e-01
-9.862204e-02
+1.165448e-01
+1.118166e-01
-1.038810e-01
-1.235863e-01
+8.987288e-02
+1.337776e-01
-7.469574e-02
-1.422561e-01
+5.854024e-02
+1.489079e-01
-4.161024e-02
-1.536416e-01
+2.412050e-02
+1.563892e-01
-6.294159e-03
-1.571071e-01
-1.163988e-02
+1.557774e-01
+2.944967e-02
-1.524078e-01
-4.690302e-02
+1.470319e-01
+6.377032e-02
-1.397095e-01
-7.982741e-02
+1.305259e-01
+9.485846e-02
-1.195911e-01
-1.086587e-01
+1.070390e-01
+1.210373e-01
-9.302593e-02
-1.318197e-01
+7.772916e-02
+1.408504e-01
-6.134494e-02
-1.479951e-01
+4.408630e-02
+1.531430e-01
-2.618067e-02
-1.562082e-01
+7.867125e-03
+1.571318e-01
+1.060643e-02
-1.558830e-01
-2.898639e-02
+1.524602e-01
+4.701669e-02
-1.468913e-01
-6.444212e-02
+1.392346e-01
+8.101189e-02
-1.295780e-01
-9.648302e-02
+1.180391e-01
+1.106239e-01
-1.047637e-01
-1.232179e-01
+8.992516e-02
+1.340665e-01
-7.372216e-02
-1.429927e-01
+5.637672e-02
+1.498442e-01
-3.813166e-02
-1.544960e-01
+1.924766e-02
+1.568532e-01

eigenvalue = -1.809711e+00:
+1.564093e-01
+2.976316e-02
-1.507455e-01
-5.845040e-02
+1.396216e-01
+8.502414e-02
-1.234378e-01
-1.085222e-01
+1.027767e-01
+1.280921e-01
-7.838270e-02
-1.430219e-01
+5.113586e-02
+1.527657e-01
-2.202064e-02
-1.569635e-01
-7.908985e-03
+1.554550e-01
+3.756709e-02
-1.482858e-01
-6.587460e-02
+1.357063e-01
+9.179808e-02
-1.181641e-01
-1.143871e-01
+9.628859e-02
+1.328090e-01
-7.086898e-02
-1.463792e-01
+4.282704e-02
+1.545875e-01
-1.318437e-02
-1.571169e-01
-1.697399e-02
+1.538570e-01
+4.653850e-02
-1.449093e-01
-7.441548e-02
+1.305851e-01
+9.956708e-02
-1.113958e-01
-1.210499e-01
+8.803595e-02
+1.380502e-01
-6.135920e-02
-1.499155e-01
+3.234847e-02
+1.561800e-01
-2.080730e-03
-1.565836e-01
-2.831200e-02
+1.510839e-01
+5.768422e-02
-1.398602e-01
-8.491965e-02
+1.233095e-01
+1.089734e-01
-1.020334e-01
-1.289124e-01
+7.681889e-02
+1.439517e-01
-4.861011e-02
-1.534864e-01
+1.847488e-02
+1.571173e-01
+1.243454e-02
-1.546686e-01
-4.292446e-02
+1.461980e-01
+7.180519e-02
-1.319981e-01
-9.793711e-02
+1.125879e-01
+1.202758e-01
-8.869694e-02
-1.379142e-01
+6.123928e-02
+1.501208e-01
-3.128092e-02
-1.563707e-01

eigenvalue = -1.732671e+00:
-1.557070e-01
-4.162529e-02
+1.445790e-01
+8.027751e-02
-1.231165e-01
-1.131949e-01
+9.284998e-02
+1.380234e-01
-5.593881e-02
-1.529844e-01
+1.501826e-02
+1.570020e-01
+2.698745e-02
-1.497805e-01
-6.707292e-02
+1.318269e-01
+1.023656e-01
-1.044165e-01
-1.303307e-01
+6.950351e-02
+1.489534e-01
-2.958374e-02
-1.568839e-01
-1.248244e-02
+1.535360e-01
+5.367340e-02
-1.391322e-01
-9.102213e-02
+1.146905e-01
+1.218293e-01
-8.195486e-02
-1.438583e-01
+4.327277e-02
+1.554982e-01
-1.429541e-03
-1.558830e-01
-4.055051e-02
+1.449581e-01
+7.962111e-02
-1.234884e-01
-1.129344e-01
+9.300839e-02
+1.380483e-01
-5.571497e-02
-1.531070e-01
+1.431241e-02
+1.569793e-01
+2.818130e-02
-1.493466e-01
-6.865258e-02
+1.307321e-01
+1.041194e-01
-1.024688e-01
-1.319511e-01
+6.660799e-02
+1.500644e-01
-2.577407e-02
-1.570822e-01
-1.702405e-02
+1.524409e-01
+5.861243e-02
-1.364396e-01
-9.588614e-02
+1.102264e-01
+1.260410e-01
-7.572026e-02
-1.467860e-01
+3.547572e-02
+1.565198e-01
+7.502413e-03
-1.544581e-01
-4.998036e-02
+1.407020e-01
+8.873696e-02
-1.162393e-01
-1.208077e-01
+8.288035e-02
+1.437131e-01
-4.312896e-02
-1.556530e-01

eigenvalue = -1.656037e+00:
-1.547705e-01
-5.323559e-02
+1.364591e-01
+1.001744e-01
-1.020004e-01
-1.352626e-01
+5.546759e-02
+1.543456e-01
-2.363338e-03
-1.551588e-01
-5.102921e-02
+1.375972e-01
+9.838778e-02
-1.037301e-01
-1.340981e-01
+5.755929e-02
+1.539188e-01
-4.549086e-03
-1.554858e-01
-4.901785e-02
+1.385956e-01
+9.678277e-02
-1.052345e-01
-1.330644e-01
+5.934839e-02
+1.535346e-01
-6.379955e-03
-1.557361e-01
-4.737364e-02
+1.393806e-01
+9.550664e-02
-1.063900e-01
-1.322669e-01
+6.067549e-02
+1.532440e-01
-7.679099e-03
-1.559005e-01
-4.627021e-02
+1.398834e-01
+9.470922e-02
-1.070759e-01
-1.318137e-01
+6.138246e-02
+1.531000e-01
-8.269932e-03
-1.559701e-01
-4.588106e-02
+1.400342e-01
+9.453943e-02
-1.071702e-01
-1.318104e-01
+6.130973e-02
+1.531513e-01
-7.975616e-03
-1.559301e-01
-4.637752e-02
+1.397563e-01
+9.514060e-02
-1.065436e-01
-1.323529e-01
+6.029284e-02
+1.534334e-01
-6.618459e-03
-1.557499e-01
-4.792612e-02
+1.389565e-01
+9.664461e-02
-1.050531e-01
-1.335194e-01
+5.815845e-02
+1.539581e-01
-4.019637e-03
-1.553725e-01
-5.068474e-02
+1.375158e-01
+9.916406e-02
-1.025340e-01
-1.353585e-01
+5.472045e-02
+1.547009e-01

eigenvalue = -1.579926e+00:
+1.536014e-01
+6.452424e-02
-1.264960e-01
-1.176637e-01
+7.706559e-02
+1.500399e-01
-1.402941e-02
-1.559344e-01
-5.148985e-02
+1.342984e-01
+1.079257e-01
-8.894173e-02
-1.453073e-01
+2.786439e-02
+1.570208e-01
+3.814988e-02
-1.409801e-01
-9.743412e-02
+1.000024e-01
+1.394976e-01
-4.131798e-02
-1.568820e-01
-2.469988e-02
+1.464863e-01
+8.636363e-02
-1.101249e-01
-1.327377e-01
+5.421765e-02
+1.555780e-01
+1.133611e-02
-1.508004e-01
-7.490440e-02
+1.192181e-01
+1.251828e-01
-6.641145e-02
-1.532045e-01
+1.751525e-03
+1.539439e-01
+6.325520e-02
-1.272254e-01
-1.170096e-01
+7.777286e-02
+1.498891e-01
-1.438586e-02
-1.559747e-01
-5.161652e-02
+1.341254e-01
+1.084108e-01
-8.820413e-02
-1.457859e-01
+2.640772e-02
+1.569838e-01
+4.018413e-02
-1.399314e-01
-9.958765e-02
+9.763800e-02
+1.410696e-01
-3.767970e-02
-1.570910e-01
-2.914369e-02
+1.446886e-01
+9.074427e-02
-1.060376e-01
-1.359294e-01
+4.808853e-02
+1.564399e-01
+1.866650e-02
-1.484708e-01
-8.208167e-02
+1.133948e-01
+1.305628e-01
-5.754553e-02
-1.551909e-01
-8.906694e-03
+1.513751e-01
+7.379329e-02
-1.197268e-01
-1.251694e-01
+6.598561e-02
+1.535159e-01

eigenvalue = -1.504451e+00:
+1.522013e-01
+7.542344e-02
-1.148249e-01
-1.323263e-01
+4.924745e-02
+1.567327e-01
+2.842989e-02
-1.426422e-01
-9.913000e-02
+9.350622e-02
+1.454812e-01
-2.138636e-02
-1.560838e-01
-5.600103e-02
+1.283159e-01
+1.196318e-01
-6.898577e-02
-1.538480e-01
-7.329435e-03
+1.502119e-01
+8.185836e-02
-1.095921e-01
-1.362474e-01
+4.196494e-02
+1.570800e-01
+3.602550e-02
-1.391904e-01
-1.051558e-01
+8.695493e-02
+1.483577e-01
-1.323292e-02
-1.549346e-01
-6.378659e-02
+1.232194e-01
+1.250649e-01
-6.101010e-02
-1.554189e-01
-1.633189e-02
+1.472897e-01
+8.966262e-02
-1.026389e-01
-1.407882e-01
+3.249292e-02
+1.569816e-01
+4.576234e-02
-1.341629e-01
-1.126793e-01
+7.794538e-02
+1.515788e-01
-2.275987e-03
-1.527153e-01
-7.400733e-02
+1.157360e-01
+1.318557e-01
-4.980906e-02
-1.567682e-01
-2.862656e-02
+1.424406e-01
+9.994316e-02
-9.238358e-02
-1.462306e-01
+1.908981e-02
+1.558024e-01
+5.906042e-02
-1.261664e-01
-1.223945e-01
+6.470132e-02
+1.548998e-01
+1.315082e-02
-1.482875e-01
-8.774202e-02
+1.041329e-01
+1.401678e-01
-3.353447e-02
-1.570656e-01
-4.564581e-02
+1.340440e-01
+1.132825e-01
-7.685655e-02
-1.520998e-01

eigenvalue = -1.429727e+00:
-1.505725e-01
-8.586768e-02
+1.016040e-01
+1.438111e-01
-1.958890e-02
-1.549828e-01
-6.880214e-02
+1.157417e-01
+1.348178e-01
-3.884211e-02
-1.569743e-01
-5.070507e-02
+1.280475e-01
+1.237601e-01
-5.743347e-02
-1.565325e-01
-3.189388e-02
+1.383303e-01
+1.108482e-01
-7.505552e-02
-1.536961e-01
-1.269652e-02
+1.464462e-01
+9.632894e-02
-9.142789e-02
-1.485549e-01
+6.557981e-03
+1.523020e-01
+8.047774e-02
-1.063046e-01
-1.412462e-01
+2.554879e-02
+1.558559e-01
+6.359029e-02
-1.194800e-01
-1.319496e-01
+4.397206e-02
+1.571174e-01
+4.597356e-02
-1.307934e-01
-1.208804e-01
+6.154880e-02
+1.561455e-01
+2.793683e-02
-1.401315e-01
-1.082825e-01
+7.803165e-02
+1.530446e-01
+9.783000e-03
-1.474298e-01
-9.442002e-02
+9.321032e-02
+1.479595e-01
-8.199546e-03
-1.526719e-01
-7.956903e-02
+1.069155e-01
+1.410695e-01
-2.574408e-02
-1.558873e-01
-6.400956e-02
+1.190213e-01
+1.325815e-01
-4.261160e-02
-1.571478e-01
-4.801752e-02
+1.294459e-01
+1.227227e-01
-5.859556e-02
-1.565634e-01
-3.185757e-02
+1.381511e-01
+1.117330e-01
-7.352526e-02
-1.542761e-01
-1.577690e-02
+1.451401e-01
+9.985795e-02
-8.726778e-02
-1.504545e-01

eigenvalue = -1.355866e+00:
+1.487174e-01
+9.579423e-02
-8.701249e-02
-1.518432e-01
-1.079861e-02
+1.448870e-01
+1.041332e-01
-7.780342e-02
-1.542567e-01
-2.157765e-02
+1.403545e-01
+1.120107e-01
-6.817998e-02
-1.559453e-01
-3.231634e-02
+1.351182e-01
+1.194033e-01
-5.815380e-02
-1.568909e-01
-4.299134e-02
+1.291725e-01
+1.262826e-01
-4.773636e-02
-1.570697e-01
-5.357553e-02
+1.225088e-01
+1.326139e-01
-3.694032e-02
-1.564526e-01
-6.403670e-02
+1.151165e-01
+1.383558e-01
-2.578083e-02
-1.550049e-01
-7.433626e-02
+1.069836e-01
+1.434594e-01
-1.427713e-02
-1.526872e-01
-8.442791e-02
+9.809839e-02
+1.478678e-01
-2.454109e-03
-1.494555e-01
-9.425631e-02
+8.845085e-02
+1.515158e-01
+9.655824e-03
-1.452622e-01
-1.037558e-01
+7.803421e-02
+1.543297e-01
+2.201088e-02
-1.400575e-01
-1.128492e-01
+6.684714e-02
+1.562272e-01
+3.455783e-02
-1.337902e-01
-1.214465e-01
+5.489593e-02
+1.571182e-01
+4.722983e-02
-1.264101e-01
-1.294441e-01
+4.219717e-02
+1.569049e-01
+5.994421e-02
-1.178703e-01
-1.367239e-01
+2.878069e-02
+1.554836e-01
+7.260017e-02
-1.081297e-01
-1.431527e-01
+1.469281e-02
+1.527462e-01
+8.507657e-02
-9.715653e-02
-1.485826e-01

eigenvalue = -1.282978e+00:
+1.466389e-01
+1.051435e-01
-7.124805e-02
-1.562309e-01
-4.077670e-02
+1.269915e-01
+1.318394e-01
-3.244998e-02
-1.551099e-01
-7.878634e-02
+9.860635e-02
+1.495074e-01
+8.626552e-03
-1.433198e-01
-1.114328e-01
+6.338183e-02
+1.569037e-01
+4.919064e-02
-1.216086e-01
-1.364536e-01
+2.368523e-02
+1.534523e-01
+8.645664e-02
-9.139133e-02
-1.520664e-01
-1.778849e-02
+1.392934e-01
+1.178196e-01
-5.467333e-02
-1.570917e-01
-5.818034e-02
+1.152899e-01
+1.410257e-01
-1.393737e-02
-1.510436e-01
-9.464621e-02
+8.299326e-02
+1.543274e-01
+2.800248e-02
-1.341841e-01
-1.245426e-01
+4.456519e-02
+1.566166e-01
+6.817373e-02
-1.075334e-01
-1.456094e-01
+2.658674e-03
+1.475247e-01
+1.036378e-01
-7.283487e-02
-1.561395e-01
-3.973958e-02
+1.274816e-01
+1.316925e-01
-3.246994e-02
-1.551238e-01
-7.949868e-02
+9.772787e-02
+1.500728e-01
+1.067381e-02
-1.423609e-01
-1.135570e-01
+6.027267e-02
+1.571385e-01
+5.338005e-02
-1.185201e-01
-1.391484e-01
+1.779557e-02
+1.520336e-01
+9.231910e-02
-8.514936e-02
-1.540273e-01
-2.650856e-02
+1.348047e-01
+1.242916e-01
-4.461933e-02
-1.566775e-01
-6.913767e-02
+1.064631e-01
+1.464868e-01

eigenvalue = -1.211174e+00:
+1.443400e-01
+1.138593e-01
-5.452412e-02
-1.568701e-01
-6.922291e-02
+1.022627e-01
+1.498959e-01
+1.599032e-02
-1.372808e-01
-1.242979e-01
+3.921246e-02
+1.552369e-01
+8.327651e-02
-8.952483e-02
-1.539227e-01
-3.194619e-02
+1.287103e-01
+1.335329e-01
-2.331017e-02
-1.519334e-01
-9.663144e-02
+7.564307e-02
+1.563564e-01
+4.782100e-02
-1.185920e-01
-1.414824e-01
+6.841272e-03
+1.468866e-01
+1.092022e-01
-6.060511e-02
-1.570922e-01
-6.354336e-02
+1.068684e-01
+1.480213e-01
+1.015543e-02
-1.399914e-01
-1.208608e-01
+4.440112e-02
+1.559833e-01
+7.900413e-02
-9.347013e-02
-1.529753e-01
-2.761200e-02
+1.311164e-01
+1.314269e-01
-2.703784e-02
-1.528422e-01
-9.404266e-02
+7.832871e-02
+1.561170e-01
+4.541528e-02
-1.201122e-01
-1.406579e-01
+8.555420e-03
+1.474447e-01
+1.084326e-01
-6.139200e-02
-1.571642e-01
-6.338898e-02
+1.068250e-01
+1.482414e-01
+1.095241e-02
-1.395377e-01
-1.218675e-01
+4.264469e-02
+1.557813e-01
+8.127391e-02
-9.111430e-02
-1.537894e-01
-3.131470e-02
+1.288537e-01
+1.339478e-01
-2.213381e-02
-1.515873e-01
-9.870735e-02
+7.287814e-02
+1.568371e-01
+5.225630e-02
-1.151314e-01
-1.441701e-01

eigenvalue = -1.140562e+00:
-1.418243e-01
-1.218895e-01
+3.706709e-02
+1.537469e-01
+9.507260e-02
-7.203420e-02
-1.569855e-01
-6.289687e-02
+1.029234e-01
+1.513659e-01
+2.718932e-02
-1.279933e-01
-1.372198e-01
+1.002604e-02
+1.458395e-01
+1.153641e-01
-4.664623e-02
-1.554742e-01
-8.705099e-02
+8.061130e-02
+1.563806e-01
+5.389327e-02
-1.100229e-01
-1.485399e-01
-1.776837e-02
+1.332521e-01
+1.324276e-01
-1.929159e-02
-1.490306e-01
-1.089821e-01
+5.521777e-02
+1.565192e-01
+7.954512e-02
-8.802305e-02
-1.553506e-01
-4.578125e-02
+1.159140e-01
+1.456440e-01
+9.578618e-03
-1.373896e-01
-1.279916e-01
+2.706083e-02
+1.513214e-01
+1.034170e-01
-6.213569e-02
-1.570106e-01
-7.331162e-02
+9.375697e-02
+1.542192e-01
+3.934928e-02
-1.202510e-01
-1.431743e-01
-3.388557e-03
+1.402475e-01
+1.245460e-01
-3.263371e-02
-1.527486e-01
-9.940071e-02
+6.681019e-02
+1.571744e-01
+6.913393e-02
-9.736598e-02
-1.533844e-01
-3.538636e-02
+1.227511e-01
+1.416738e-01
-5.059431e-05
-1.417177e-01
-1.227458e-01
+3.533453e-02
+1.533775e-01
+9.766243e-02
-6.867104e-02
-1.572387e-01
-6.777829e-02
+9.840636e-02
+1.532188e-01
+3.466035e-02
-1.231090e-01
-1.416360e-01

eigenvalue = -1.071247e+00:
+1.390956e-01
+1.291857e-01
-1.911321e-02
-1.469374e-01
-1.173589e-01
+3.793545e-02
+1.525937e-01
+1.037978e-01
-5.618103e-02
-1.559831e-01
-8.871250e-02
+7.357469e-02
+1.570614e-01
+7.233700e-02
-8.985654e-02
-1.558224e-01
-5.492476e-02
+1.047866e-01
+1.522974e-01
+3.674387e-02
-1.181490e-01
-1.465546e-01
-1.807209e-02
+1.297555e-01
+1.386968e-01
-8.082694e-04
-1.394483e-01
-1.288597e-01
+1.961547e-02
+1.471028e-01
+1.172085e-01
-3.807336e-02
-1.526287e-01
-1.039343e-01
+5.591622e-02
+1.559711e-01
+8.925052e-02
-7.289318e-02
-1.571107e-01
-7.338811e-02
+8.877232e-02
+1.560631e-01
+5.659138e-02
-1.033442e-01
-1.528776e-01
-3.911316e-02
+1.164250e-01
+1.476352e-01
+2.121013e-02
-1.278586e-01
-1.404464e-01
-3.138199e-03
+1.375189e-01
+1.314480e-01
-1.485188e-02
-1.453102e-01
-1.208000e-01
+3.251866e-02
+1.511685e-01
+1.086816e-01
-4.963381e-02
-1.550607e-01
-9.528776e-02
+6.598545e-02
+1.569839e-01
+8.082474e-02
-8.138105e-02
-1.569644e-01
-6.550640e-02
+9.564983e-02
+1.550558e-01
+4.955009e-02
-1.086445e-01
-1.513365e-01
-3.317278e-02
+1.202427e-01
+1.459072e-01
+1.658751e-02
-1.303476e-01
-1.388882e-01

eigenvalue = -1.003334e+00:
-1.361581e-01
-1.357043e-01
+9.053686e-04
+1.366067e-01
+1.352492e-01
-1.803262e-03
-1.370466e-01
-1.347966e-01
+2.686219e-03
+1.374742e-01
+1.343506e-01
-3.546767e-03
-1.378863e-01
-1.339154e-01
+4.377444e-03
+1.382797e-01
+1.334952e-01
-5.170797e-03
-1.386513e-01
-1.330945e-01
+5.919380e-03
+1.389981e-01
+1.327179e-01
-6.615749e-03
-1.393174e-01
-1.323698e-01
+7.252470e-03
+1.396062e-01
+1.320551e-01
-7.822110e-03
-1.398618e-01
-1.317783e-01
+8.317241e-03
+1.400816e-01
+1.315441e-01
-8.730438e-03
-1.402627e-01
-1.313573e-01
+9.054261e-03
+1.404024e-01
+1.312224e-01
-9.281274e-03
-1.404977e-01
-1.311439e-01
+9.404020e-03
+1.405456e-01
+1.311263e-01
-9.415021e-03
-1.405430e-01
-1.311737e-01
+9.306800e-03
+1.404864e-01
+1.312902e-01
-9.071829e-03
-1.403721e-01
-1.314794e-01
+8.702557e-03
+1.401961e-01
+1.317449e-01
-8.191415e-03
-1.399540e-01
-1.320897e-01
+7.530792e-03
+1.396409e-01
+1.325163e-01
-6.713057e-03
-1.392516e-01
-1.330270e-01
+5.730564e-03
+1.387800e-01
+1.336232e-01
-4.575645e-03
-1.382198e-01
-1.343059e-01
+3.240645e-03
+1.375636e-01
+1.350753e-01
-1.717952e-03
-1.368035e-01
-1.359307e-01

eigenvalue = -9.369253e-01:
-1.330162e-01
-1.414063e-01
-1.731018e-02
+1.230041e-01
+1.480757e-01
+3.441710e-02
-1.114859e-01
-1.529432e-01
-5.111912e-02
+9.859347e-02
+1.559464e-01
+6.721793e-02
-8.447395e-02
-1.570418e-01
-8.252012e-02
+6.928844e-02
+1.562059e-01
+9.683896e-02
-5.321109e-02
-1.534356e-01
-1.099960e-01
+3.642774e-02
+1.487482e-01
+1.218227e-01
-1.913468e-02
-1.421825e-01
-1.321624e-01
+1.537117e-03
+1.337983e-01
+1.408720e-01
+1.615237e-02
-1.236772e-01
-1.478235e-01
-3.371558e-02
+1.119219e-01
+1.529059e-01
+5.093051e-02
-9.865668e-02
-1.560271e-01
-6.757345e-02
+8.402665e-02
+1.571153e-01
+8.342112e-02
-6.819737e-02
-1.561213e-01
-9.825305e-02
+5.135405e-02
+1.530191e-01
+1.118541e-01
-3.370057e-02
-1.478087e-01
-1.240171e-01
+1.545817e-02
+1.405165e-01
+1.345458e-01
+3.136153e-03
-1.311969e-01
-1.432579e-01
-2.183151e-02
+1.199336e-01
+1.499879e-01
+4.036544e-02
-1.068400e-01
-1.545906e-01
-5.846651e-02
+9.205984e-02
+1.569442e-01
+7.585738e-02
-7.576753e-02
-1.569537e-01
-9.225820e-02
+5.816753e-02
+1.545542e-01
+1.073905e-01
-3.949381e-02
-1.497140e-01
-1.209813e-01
+2.000850e-02
+1.424374e-01
+1.327680e-01

eigenvalue = -8.721206e-01:
+1.296747e-01
+1.462576e-01
+3.528715e-02
-1.064575e-01
-1.553609e-01
-6.877686e-02
+7.778516e-02
+1.565149e-01
+9.876010e-02
-4.511327e-02
-1.496493e-01
-1.237007e-01
+1.010267e-02
+1.350979e-01
+1.423118e-01
+2.546149e-02
-1.135844e-01
-1.536210e-01
-5.975747e-02
+8.618894e-02
+1.570207e-01
+9.101707e-02
-5.429732e-02
-1.523017e-01
-1.176143e-01
+1.953488e-02
+1.396674e-01
+1.381483e-01
+1.631231e-02
-1.197291e-01
-1.515165e-01
-5.138522e-02
+9.348000e-02
+1.569745e-01
+8.384494e-02
-6.225101e-02
-1.541795e-01
-1.119666e-01
+2.764826e-02
+1.432146e-01
+1.342298e-01
+8.524356e-03
-1.245925e-01
-1.494008e-01
-4.435443e-02
+9.923742e-02
+1.566023e-01
+7.791838e-02
-6.844617e-02
-1.553679e-01
-1.073821e-01
+3.382814e-02
+1.456756e-01
+1.311000e-01
+2.772124e-03
-1.279606e-01
-1.477079e-01
-3.936753e-02
+1.031042e-01
+1.562037e-01
+7.393179e-02
-7.239824e-02
-1.560124e-01
-1.045088e-01
+3.748670e-02
+1.470306e-01
+1.293223e-01
-2.858500e-04
-1.296467e-01
-1.468808e-01
-3.711408e-02
+1.047354e-01
+1.560706e-01
+7.256101e-02
-7.362491e-02
-1.562322e-01
-1.039616e-01
+3.803659e-02
+1.472150e-01
+1.294046e-01

eigenvalue = -8.090173e-01:
-1.261386e-01
-1.502291e-01
-5.278258e-02
+8.736528e-02
+1.568352e-01
+9.942877e-02
-3.841184e-02
-1.451795e-01
-1.345086e-01
-1.503451e-02
+1.166004e-01
+1.539251e-01
+6.675550e-02
-7.440327e-02
-1.553907e-01
-1.107177e-01
+2.348467e-02
+1.386979e-01
+1.417706e-01
+3.022647e-02
-1.057530e-01
-1.562475e-01
-8.045038e-02
+6.036764e-02
+1.524002e-01
+1.212835e-01
-7.828637e-03
-1.306160e-01
-1.478888e-01
-4.570662e-02
+9.339035e-02
+1.570697e-01
+9.392210e-02
-4.505422e-02
-1.476603e-01
-1.310823e-01
-8.715428e-03
+1.206842e-01
+1.527138e-01
+6.154937e-02
-7.925951e-02
-1.561492e-01
-1.071313e-01
+2.825576e-02
+1.408668e-01
+1.399489e-01
+2.626130e-02
-1.085837e-01
-1.559639e-01
-7.773739e-02
+6.308384e-02
+1.531192e-01
+1.199096e-01
-9.795619e-03
-1.316195e-01
-1.475678e-01
-4.483652e-02
+9.394626e-02
+1.572066e-01
+9.411813e-02
-4.459709e-02
-1.474854e-01
-1.319196e-01
-1.042658e-02
+1.194366e-01
+1.534427e-01
+6.432967e-02
-7.638700e-02
-1.558436e-01
-1.103509e-01
+2.359341e-02
+1.386316e-01
+1.426097e-01
+3.237249e-02
-1.037845e-01
-1.568678e-01
-8.442334e-02
+5.555814e-02
+1.511073e-01
+1.258454e-01

eigenvalue = -7.477104e-01:
+1.224135e-01
+1.532973e-01
+6.956009e-02
-6.618698e-02
-1.524470e-01
-1.247266e-01
-3.753678e-03
+1.200256e-01
+1.540722e-01
+7.293645e-02
-6.272355e-02
-1.514961e-01
-1.270266e-01
-7.610814e-03
+1.174934e-01
+1.547869e-01
+7.640501e-02
-5.907206e-02
-1.504095e-01
-1.293670e-01
-1.167427e-02
+1.147395e-01
+1.554461e-01
+8.004927e-02
-5.513092e-02
-1.491417e-01
-1.317913e-01
-1.604565e-02
+1.116783e-01
+1.560424e-01
+8.394602e-02
-5.079473e-02
-1.476350e-01
-1.343321e-01
-2.082438e-02
+1.082151e-01
+1.565548e-01
+8.816348e-02
-4.595451e-02
-1.458184e-01
-1.370079e-01
-2.610626e-02
+1.042451e-01
+1.569451e-01
+9.275874e-02
-4.049803e-02
-1.436046e-01
-1.398200e-01
-3.198157e-02
+9.965282e-02
+1.571555e-01
+9.777437e-02
-3.431069e-02
-1.408882e-01
-1.427483e-01
-3.853219e-02
+9.431068e-02
+1.571035e-01
+1.032339e-01
-2.727702e-02
-1.375423e-01
-1.457458e-01
-4.582760e-02
+8.807919e-02
+1.566781e-01
+1.091361e-01
-1.928348e-02
-1.334166e-01
-1.487330e-01
-5.391950e-02
+8.080749e-02
+1.557347e-01
+1.154480e-01
-1.022271e-02
-1.283351e-01
-1.515903e-01
-6.283437e-02
+7.233565e-02
+1.540903e-01
+1.220958e-01

eigenvalue = -6.882921e-01:
+1.185049e-01
+1.554440e-01
+8.539317e-02
-4.343193e-02
-1.423642e-01
-1.433138e-01
-4.562946e-02
+8.345786e-02
+1.551099e-01
+1.200202e-01
+2.339832e-03
-1.169506e-01
-1.557705e-01
-8.741497e-02
+4.108153e-02
+1.413160e-01
+1.443390e-01
+4.807811e-02
-8.125078e-02
-1.547001e-01
-1.217649e-01
-5.101714e-03
+1.150692e-01
+1.561316e-01
+8.986700e-02
-3.816676e-02
-1.399700e-01
-1.455885e-01
-5.117357e-02
+7.839812e-02
+1.541165e-01
+1.239835e-01
+8.707110e-03
-1.125479e-01
-1.565353e-01
-9.307304e-02
+3.426684e-02
+1.380926e-01
+1.471743e-01
+5.529822e-02
-7.450430e-02
-1.532170e-01
-1.268836e-01
-1.357479e-02
+1.090374e-01
+1.569365e-01
+9.732362e-02
-2.894866e-02
-1.353975e-01
-1.491488e-01
-6.081046e-02
+6.914212e-02
+1.517897e-01
+1.306115e-01
+2.011492e-02
-1.041338e-01
-1.572058e-01
-1.028528e-01
+2.176566e-02
+1.315185e-01
+1.514698e-01
+6.802470e-02
-6.184269e-02
-1.495184e-01
-1.352152e-01
-2.871516e-02
+9.735860e-02
+1.570873e-01
+1.098012e-01
-1.226345e-02
-1.259789e-01
-1.539519e-01
-7.717755e-02
+5.209069e-02
+1.459401e-01
+1.405913e-01
+3.971231e-02
-8.814146e-02
-1.561455e-01
-1.181611e-01

eigenvalue = -6.308517e-01:
+1.144188e-01
+1.566565e-01
+1.000681e-01
-1.964705e-02
-1.269683e-01
-1.541962e-01
-8.415766e-02
+3.896565e-02
+1.375112e-01
+1.493246e-01
+6.695901e-02
-5.763540e-02
-1.458831e-01
-1.421377e-01
-4.876701e-02
+7.535172e-02
+1.519641e-01
+1.327766e-01
+2.989231e-02
-9.183314e-02
-1.556815e-01
-1.214225e-01
-1.065354e-02
+1.068277e-01
+1.570102e-01
+1.082922e-01
-8.630590e-03
-1.201183e-01
-1.559728e-01
-9.363142e-02
+2.764903e-02
+1.315275e-01
+1.526369e-01
+7.770842e-02
-4.610568e-02
-1.409200e-01
-1.471131e-01
-6.080655e-02
+6.372606e-02
+1.482047e-01
+1.395496e-01
+4.321690e-02
-8.026305e-02
-1.533351e-01
-1.301279e-01
-2.523091e-02
+9.550167e-02
+1.563084e-01
+1.190566e-01
+7.133426e-03
-1.092627e-01
-1.571634e-01
-1.065650e-01
+1.080384e-02
+1.214051e-01
+1.559775e-01
+9.289675e-02
-2.832805e-02
-1.318273e-01
-1.528625e-01
-7.830287e-02
+4.521017e-02
+1.404672e-01
+1.479600e-01
+6.303564e-02
-6.124889e-02
-1.473011e-01
-1.414360e-01
-4.734252e-02
+7.627351e-02
+1.523419e-01
+1.334756e-01
+3.146064e-02
-9.014581e-02
-1.556360e-01
-1.242773e-01
-1.561211e-02
+1.027609e-01
+1.572599e-01
+1.140471e-01

eigenvalue = -5.754758e-01:
+1.101615e-01
+1.569279e-01
+1.133871e-01
+4.596241e-03
-1.068395e-01
-1.567958e-01
-1.165285e-01
-9.210562e-03
+1.034069e-01
+1.565290e-01
+1.195963e-01
+1.386085e-02
-9.984809e-02
-1.561226e-01
-1.225990e-01
-1.856465e-02
+9.614594e-02
+1.555692e-01
+1.255430e-01
+2.333891e-02
-9.228194e-02
-1.548588e-01
-1.284324e-01
-2.819982e-02
+8.823631e-02
+1.539786e-01
+1.312686e-01
+3.316256e-02
-8.398813e-02
-1.529133e-01
-1.340504e-01
-3.824102e-02
+7.951544e-02
+1.516447e-01
+1.367733e-01
+4.344751e-02
-7.479540e-02
-1.501514e-01
-1.394294e-01
-4.879238e-02
+6.980450e-02
+1.484094e-01
+1.420073e-01
+5.428367e-02
-6.451877e-02
-1.463913e-01
-1.444914e-01
-5.992660e-02
+5.891404e-02
+1.440667e-01
+1.468614e-01
+6.572312e-02
-5.296633e-02
-1.414017e-01
-1.490923e-01
-7.167125e-02
+4.665228e-02
+1.383596e-01
+1.511537e-01
+7.776448e-02
-3.994962e-02
-1.349002e-01
-1.530094e-01
-8.399098e-02
+3.283788e-02
+1.309808e-01
+1.546170e-01
+9.033282e-02
-2.529912e-02
-1.265556e-01
-1.559276e-01
-9.676503e-02
+1.731888e-02
+1.215769e-01
+1.568850e-01
+1.032547e-01
-8.887216e-03
-1.159950e-01
-1.574262e-01
-1.097598e-01

eigenvalue = -5.222475e-01:
-1.057396e-01
-1.562571e-01
-1.251707e-01
-2.871591e-02
+8.273495e-02
+1.509808e-01
+1.403856e-01
+5.648489e-02
-5.690946e-02
-1.405900e-01
-1.508692e-01
-8.238515e-02
+2.910625e-02
+1.254045e-01
+1.562480e-01
+1.055450e-01
-2.374724e-04
-1.058960e-01
-1.563029e-01
-1.251670e-01
-2.873927e-02
+8.267818e-02
+1.509781e-01
+1.405519e-01
+5.684614e-02
-5.649320e-02
-1.403873e-01
-1.511205e-01
-8.311195e-02
+2.819507e-02
+1.248160e-01
+1.564348e-01
+1.066002e-01
+1.270766e-03
-1.047201e-01
-1.562166e-01
-1.264380e-01
-3.089129e-02
+8.072034e-02
+1.503631e-01
+1.418458e-01
+5.961330e-02
-5.359181e-02
-1.389598e-01
-1.521664e-01
-8.637411e-02
+2.424824e-02
+1.222886e-01
+1.568935e-01
+1.101353e-01
+6.278881e-03
-1.008318e-01
-1.556989e-01
-1.299192e-01
-3.686698e-02
+7.526898e-02
+1.484557e-01
+1.448469e-01
+6.633489e-02
-4.646843e-02
-1.352587e-01
-1.541775e-01
-9.348087e-02
+1.547046e-02
+1.164390e-01
+1.573473e-01
+1.171261e-01
+1.653744e-02
-9.257130e-02
-1.540067e-01
-1.361626e-01
-4.825414e-02
+6.447366e-02
+1.440539e-01
+1.496047e-01
+7.830742e-02
-3.319634e-02
-1.276634e-01
-1.566424e-01
-1.053053e-01

eigenvalue = -4.712470e-01:
-1.011597e-01
-1.546484e-01
-1.352604e-01
-5.213323e-02
+5.556030e-02
+1.370733e-01
+1.539985e-01
+9.836382e-02
-3.614887e-03
-1.038905e-01
-1.552239e-01
-1.334371e-01
-4.879778e-02
+5.882480e-02
+1.387440e-01
+1.533280e-01
+9.571654e-02
-6.958891e-03
-1.063584e-01
-1.556954e-01
-1.317563e-01
-4.581601e-02
+6.168111e-02
+1.401609e-01
+1.527134e-01
+9.344561e-02
-9.761863e-03
-1.083799e-01
-1.560538e-01
-1.303878e-01
-4.345583e-02
+6.389093e-02
+1.412290e-01
+1.522477e-01
+9.178845e-02
-1.175450e-02
-1.097814e-01
-1.563032e-01
-1.295116e-01
-4.198832e-02
+6.521946e-02
+1.418599e-01
+1.520306e-01
+9.098589e-02
-1.266721e-02
-1.103900e-01
-1.564479e-01
-1.293069e-01
-4.168452e-02
+6.542903e-02
+1.419587e-01
+1.521535e-01
+9.127350e-02
-1.222806e-02
-1.100215e-01
-1.564749e-01
-1.299379e-01
-4.281152e-02
+6.427018e-02
+1.414058e-01
+1.526802e-01
+9.287045e-02
-1.016008e-02
-1.084642e-01
-1.563320e-01
-1.315355e-01
-4.562666e-02
+6.147146e-02
+1.400346e-01
+1.536230e-01
+9.596435e-02
-6.179879e-03
-1.054607e-01
-1.559000e-01
-1.341732e-01
-5.036790e-02
+5.672966e-02
+1.376062e-01
+1.549123e-01
+1.006899e-01

eigenvalue = -4.225509e-01:
+9.642906e-02
+1.521121e-01
+1.435209e-01
+7.428687e-02
-2.633537e-02
-1.158306e-01
-1.563878e-01
-1.308749e-01
-5.007350e-02
+5.188036e-02
+1.319200e-01
+1.562411e-01
+1.145767e-01
+2.452726e-02
-7.587884e-02
-1.442483e-01
-1.517218e-01
-9.515194e-02
+1.577451e-03
+9.764116e-02
+1.525060e-01
+1.430319e-01
+7.322497e-02
-2.746416e-02
-1.165724e-01
-1.565339e-01
-1.305132e-01
-4.948897e-02
+5.238768e-02
+1.321950e-01
+1.563246e-01
+1.146280e-01
+2.467419e-02
-7.566479e-02
-1.441649e-01
-1.520171e-01
-9.593469e-02
+4.848546e-04
+9.670059e-02
+1.522796e-01
+1.438841e-01
+7.505885e-02
-2.528074e-02
-1.150092e-01
-1.564797e-01
-1.323126e-01
-5.266341e-02
+4.906146e-02
+1.302277e-01
+1.568426e-01
+1.177812e-01
+2.941819e-02
-7.125428e-02
-1.421233e-01
-1.535696e-01
-1.008330e-01
-5.971307e-03
+9.138400e-02
+1.505935e-01
+1.469685e-01
+8.204831e-02
-1.707616e-02
-1.090851e-01
-1.556600e-01
-1.374323e-01
-6.201754e-02
+3.919107e-02
+1.241076e-01
+1.574570e-01
+1.254155e-01
+4.131611e-02
-5.992395e-02
-1.363166e-01
-1.562157e-01
-1.114096e-01
-2.048239e-02
+7.891932e-02
+1.456868e-01
+1.522451e-01
+9.592033e-02

eigenvalue = -3.762325e-01:
+9.155496e-02
+1.486641e-01
+1.498419e-01
+9.464634e-02
+3.844064e-03
-8.840433e-02
-1.473970e-01
-1.509451e-01
-9.771751e-02
-7.737472e-03
+8.515247e-02
+1.460210e-01
+1.519837e-01
+1.008044e-01
+1.172926e-02
-8.175475e-02
-1.445119e-01
-1.529626e-01
-1.039393e-01
-1.586793e-02
+7.816385e-02
+1.428404e-01
+1.538811e-01
+1.071508e-01
+2.020096e-02
-7.432988e-02
-1.409720e-01
-1.547325e-01
-1.104625e-01
-2.477450e-02
+7.020047e-02
+1.388666e-01
+1.555033e-01
+1.138927e-01
+2.963267e-02
-6.572082e-02
-1.364778e-01
-1.561722e-01
-1.174532e-01
-3.481682e-02
+6.083390e-02
+1.337528e-01
+1.567091e-01
+1.211481e-01
+4.036461e-02
-5.548074e-02
-1.306314e-01
-1.570740e-01
-1.249719e-01
-4.630867e-02
+4.960097e-02
+1.270457e-01
+1.572154e-01
+1.289086e-01
+5.267509e-02
-4.313361e-02
-1.229202e-01
-1.570689e-01
-1.329285e-01
-5.948140e-02
+3.601822e-02
+1.181709e-01
+1.565562e-01
+1.369870e-01
+6.673408e-02
-2.819665e-02
-1.127061e-01
-1.555830e-01
-1.410210e-01
-7.442562e-02
+1.961522e-02
+1.064269e-01
+1.540382e-01
+1.449465e-01
+8.253094e-02
-1.022785e-02
-9.922864e-02
-1.517931e-01
-1.486556e-01
-9.100312e-02

eigenvalue = -3.323616e-01:
+8.654500e-02
+1.443259e-01
+1.541393e-01
+1.127248e-01
+3.384772e-02
-5.627779e-02
-1.277018e-01
-1.566922e-01
-1.336194e-01
-6.615316e-02
+2.328977e-02
+1.049964e-01
+1.518293e-01
+1.482390e-01
+9.542416e-02
+1.092667e-02
-7.719816e-02
-1.396993e-01
-1.558387e-01
-1.202691e-01
-4.480000e-02
+4.552881e-02
+1.207592e-01
+1.559512e-01
+1.394480e-01
+7.673041e-02
-1.141032e-02
-9.577138e-02
-1.484162e-01
-1.519233e-01
-1.051455e-01
-2.357527e-02
+6.579364e-02
+1.334045e-01
+1.569118e-01
+1.285607e-01
+5.773490e-02
-3.215932e-02
-1.114358e-01
-1.539336e-01
-1.456452e-01
-8.932313e-02
-3.553598e-03
+8.338700e-02
+1.428590e-01
+1.552911e-01
+1.166113e-01
+3.956691e-02
-5.048902e-02
-1.239491e-01
-1.566856e-01
-1.379669e-01
-7.396199e-02
+1.430841e-02
+9.788683e-02
+1.493828e-01
+1.519436e-01
+1.047567e-01
+2.328976e-02
-6.579420e-02
-1.333717e-01
-1.573780e-01
-1.300000e-01
-6.020134e-02
+2.923006e-02
+1.091347e-01
+1.534918e-01
+1.478843e-01
+9.416794e-02
+9.837142e-03
-7.768967e-02
-1.399923e-01
-1.568731e-01
-1.228894e-01
-4.908763e-02
+4.060809e-02
+1.171647e-01
+1.558391e-01
+1.441637e-01
+8.594506e-02

eigenvalue = -2.910040e-01:
+8.140715e-02
+1.391246e-01
+1.563571e-01
+1.280912e-01
+6.255337e-02
-2.118536e-02
-9.876022e-02
-1.476028e-01
-1.535068e-01
-1.147587e-01
-4.263277e-02
+4.189158e-02
+1.142345e-01
+1.533642e-01
+1.479100e-01
+9.946423e-02
+2.211275e-02
-6.166390e-02
-1.275266e-01
-1.563486e-01
-1.397680e-01
-8.260820e-02
-1.470050e-03
+8.009470e-02
+1.384219e-01
+1.565996e-01
+1.293676e-01
+6.463277e-02
-1.883318e-02
-9.684274e-02
-1.468035e-01
-1.542589e-01
-1.170651e-01
-4.599917e-02
+3.837165e-02
+1.116478e-01
+1.526545e-01
+1.495567e-01
+1.032665e-01
+2.716462e-02
-5.677597e-02
-1.243400e-01
-1.560549e-01
-1.427970e-01
-8.840592e-02
-8.561253e-03
+7.374716e-02
+1.348431e-01
+1.571728e-01
+1.343396e-01
+7.292504e-02
-9.421948e-03
-8.906594e-02
-1.431727e-01
-1.562520e-01
-1.245817e-01
-5.725311e-02
+2.645283e-02
+1.025965e-01
+1.494285e-01
+1.535962e-01
+1.139378e-01
+4.179063e-02
-4.226497e-02
-1.142852e-01
-1.537838e-01
-1.495518e-01
-1.028229e-01
-2.689669e-02
+5.666135e-02
+1.241539e-01
+1.564710e-01
+1.444908e-01
+9.163678e-02
+1.288090e-02
-6.951294e-02
-1.322902e-01
-1.577659e-01
-1.387941e-01
-8.075292e-02

eigenvalue = -2.522221e-01:
+7.614952e-02
+1.330926e-01
+1.564675e-01
+1.403801e-01
+8.888906e-02
+1.498166e-02
-6.270363e-02
-1.245784e-01
-1.550438e-01
-1.464229e-01
-1.008933e-01
-2.993471e-02
+4.856749e-02
+1.148324e-01
+1.521683e-01
+1.511763e-01
+1.121131e-01
+4.482200e-02
-3.375210e-02
-1.038318e-01
-1.477860e-01
-1.545648e-01
-1.224728e-01
-5.958931e-02
+1.827164e-02
+9.154149e-02
+1.418169e-01
+1.564805e-01
+1.318632e-01
+7.415616e-02
-2.152995e-03
-7.792227e-02
-1.341594e-01
-1.567813e-01
-1.401357e-01
-8.840643e-02
-1.455372e-02
+6.293939e-02
+1.246963e-01
+1.552911e-01
+1.470968e-01
+1.021783e-01
+3.176285e-02
-4.657437e-02
-1.133019e-01
-1.518019e-01
-1.525037e-01
-1.152541e-01
-4.933966e-02
+2.883882e-02
+9.985340e-02
+1.460786e-01
+1.560616e-01
+1.273505e-01
+6.708485e-02
-9.791796e-03
-8.424554e-02
-1.378679e-01
-1.574238e-01
-1.381091e-01
-8.471812e-02
-1.043979e-02
+6.641052e-02
+1.269124e-01
+1.561964e-01
+1.470901e-01
+1.018610e-01
+3.163720e-02
-4.634322e-02
-1.129711e-01
-1.519490e-01
-1.537693e-01
-1.180207e-01
-5.346317e-02
+2.413272e-02
+9.584870e-02
+1.442333e-01
+1.575425e-01
+1.325769e-01
+7.543352e-02

eigenvalue = -2.160743e-01:
-7.078070e-02
-1.262676e-01
-1.544721e-01
-1.493013e-01
-1.118739e-01
-5.027774e-02
+2.217941e-02
+8.984581e-02
+1.381076e-01
+1.565449e-01
+1.411808e-01
+9.533719e-02
+2.891456e-02
-4.374832e-02
-1.069714e-01
-1.471174e-01
-1.555325e-01
-1.304095e-01
-7.717280e-02
-7.303515e-03
+6.413942e-02
+1.217666e-01
+1.531730e-01
+1.516061e-01
+1.174142e-01
+5.796387e-02
-1.395119e-02
-8.286726e-02
-1.339769e-01
-1.563093e-01
-1.450816e-01
-1.027181e-01
-3.832017e-02
+3.429418e-02
+9.955887e-02
+1.434973e-01
+1.567131e-01
+1.363943e-01
+8.690431e-02
+1.883802e-02
-5.325275e-02
-1.139734e-01
-1.503738e-01
-1.547060e-01
-1.260668e-01
-7.057682e-02
-6.466806e-05
+7.046124e-02
+1.260097e-01
+1.547919e-01
+1.507173e-01
+1.146741e-01
+5.432537e-02
-1.752908e-02
-8.567386e-02
-1.357017e-01
-1.570566e-01
-1.452533e-01
-1.028092e-01
-3.869620e-02
+3.356574e-02
+9.876534e-02
+1.432030e-01
+1.575644e-01
+1.388639e-01
+9.105265e-02
+2.417182e-02
-4.776653e-02
-1.097204e-01
-1.487627e-01
-1.567722e-01
-1.321118e-01
-7.994931e-02
-1.116117e-02
+5.994547e-02
+1.186134e-01
+1.526962e-01
+1.551651e-01
+1.255458e-01
+6.999338e-02

eigenvalue = -1.826149e-01:
-6.530957e-02
-1.186927e-01
-1.504016e-01
-1.546469e-01
-1.306551e-01
-8.280879e-02
-1.984488e-02
+4.674154e-02
+1.047968e-01
+1.437275e-01
+1.564334e-01
+1.406010e-01
+9.912367e-02
+3.957037e-02
-2.719724e-02
-8.900756e-02
-1.345985e-01
-1.556690e-01
-1.483889e-01
-1.140925e-01
-5.903057e-02
+6.771516e-03
+7.134202e-02
+1.229419e-01
+1.521987e-01
+1.538068e-01
+1.274858e-01
+7.802577e-02
+1.441026e-02
-5.181832e-02
-1.086552e-01
-1.458091e-01
-1.565637e-01
-1.389873e-01
-9.627462e-02
-3.616050e-02
+3.048563e-02
+9.162824e-02
+1.362398e-01
+1.562878e-01
+1.481764e-01
+1.133855e-01
+5.819352e-02
-7.461469e-03
-7.177591e-02
-1.232045e-01
-1.525315e-01
-1.545175e-01
-1.288289e-01
-8.008569e-02
-1.702278e-02
+4.908126e-02
+1.064246e-01
+1.447889e-01
+1.573560e-01
+1.419131e-01
+1.012331e-01
+4.256769e-02
-2.365296e-02
-8.567973e-02
-1.325302e-01
-1.559303e-01
-1.517688e-01
-1.208102e-01
-6.854399e-02
-4.202043e-03
+6.087936e-02
+1.152598e-01
+1.494044e-01
+1.573497e-01
+1.377357e-01
+9.402742e-02
+3.389122e-02
-3.215874e-02
-9.260445e-02
-1.369331e-01
-1.574613e-01
-1.506576e-01
-1.177386e-01
-6.443875e-02

eigenvalue = -1.518945e-01:
+5.974551e-02
+1.104161e-01
+1.443158e-01
+1.562966e-01
+1.445407e-01
+1.108354e-01
+6.030082e-02
+6.114113e-04
-5.917081e-02
-1.099726e-01
-1.440869e-01
-1.563418e-01
-1.448836e-01
-1.114556e-01
-6.113144e-02
-1.542721e-03
+5.827973e-02
+1.092755e-01
+1.437268e-01
+1.564260e-01
+1.454602e-01
+1.124976e-01
+6.253027e-02
+3.115316e-03
-5.677011e-02
-1.080865e-01
-1.430966e-01
-1.565300e-01
-1.463745e-01
-1.141731e-01
-6.478604e-02
-5.653238e-03
+5.432943e-02
+1.061499e-01
+1.420339e-01
+1.566089e-01
+1.477051e-01
+1.166740e-01
+6.817758e-02
+9.483365e-03
-5.062819e-02
-1.031793e-01
-1.403355e-01
-1.565709e-01
-1.494861e-01
-1.201566e-01
-7.296346e-02
-1.493322e-02
+4.531285e-02
+9.884198e-02
+1.377342e-01
+1.562513e-01
+1.516787e-01
+1.247164e-01
+7.936455e-02
+2.232362e-02
-3.800145e-02
-9.274248e-02
-1.338720e-01
-1.553773e-01
-1.541342e-01
-1.303532e-01
-8.753591e-02
-3.195196e-02
+2.828585e-02
+8.440934e-02
+1.282719e-01
+1.535283e-01
+1.565467e-01
+1.369224e-01
+9.752296e-02
+4.405961e-02
-1.574802e-02
-7.329152e-02
-1.203142e-01
-1.500932e-01
-1.583953e-01
-1.440694e-01
-1.091961e-01
-5.877520e-02

eigenvalue = -1.239594e-01:
-5.409847e-02
-1.014910e-01
-1.363034e-01
-1.542216e-01
-1.530263e-01
-1.328678e-01
-9.624642e-02
-4.770156e-02
+6.751702e-03
+6.036886e-02
+1.065119e-01
+1.394715e-01
+1.551729e-01
+1.516791e-01
+1.294286e-01
+9.117856e-02
+4.166168e-02
-1.300120e-02
-6.605888e-02
-1.109643e-01
-1.421823e-01
-1.558710e-01
-1.503531e-01
-1.263187e-01
-8.673680e-02
-3.648570e-02
+1.825055e-02
+7.074475e-02
+1.145540e-01
+1.443101e-01
+1.563755e-01
+1.492858e-01
+1.239237e-01
+8.340574e-02
+3.269585e-02
-2.200595e-02
-7.402337e-02
-1.170194e-01
-1.457673e-01
-1.567838e-01
-1.487480e-01
-1.226545e-01
-8.168659e-02
-3.082309e-02
+2.377027e-02
+7.549044e-02
+1.180963e-01
+1.464607e-01
+1.571842e-01
+1.489985e-01
+1.229107e-01
+8.207429e-02
+3.140225e-02
-2.302795e-02
-7.470598e-02
-1.174679e-01
-1.462301e-01
-1.575898e-01
-1.502228e-01
-1.250313e-01
-8.502700e-02
-3.496505e-02
+1.922629e-02
+7.115066e-02
+1.146994e-01
+1.447687e-01
+1.578538e-01
+1.524514e-01
+1.292256e-01
+9.091887e-02
+4.202090e-02
-1.176310e-02
-6.418189e-02
-1.091660e-01
-1.415292e-01
-1.575618e-01
-1.554503e-01
-1.354740e-01
-9.996071e-02
-5.300719e-02

eigenvalue = -9.885183e-02:
-4.837932e-02
-9.197632e-02
-1.264819e-01
-1.484862e-01
-1.558160e-01
-1.477490e-01
-1.250849e-01
-9.006526e-02
-4.615128e-02
+2.319134e-03
+5.056065e-02
+9.381348e-02
+1.278133e-01
+1.492114e-01
+1.559043e-01
+1.472392e-01
+1.240767e-01
+8.870366e-02
+4.460590e-02
-3.876698e-03
-5.197844e-02
-9.497696e-02
-1.286569e-01
-1.497226e-01
-1.561194e-01
-1.472322e-01
-1.239426e-01
-8.853868e-02
-4.448837e-02
+3.902669e-03
+5.191328e-02
+9.486820e-02
+1.285933e-01
+1.498201e-01
+1.565010e-01
+1.480036e-01
+1.251682e-01
+9.022080e-02
+4.655351e-02
-1.607764e-03
-4.961402e-02
-9.284296e-02
-1.271438e-01
-1.492346e-01
-1.570136e-01
-1.497562e-01
-1.281780e-01
-9.436079e-02
-5.154719e-02
-3.826705e-03
+4.425748e-02
+8.814218e-02
+1.236771e-01
+1.475159e-01
+1.574280e-01
+1.525040e-01
+1.332335e-01
+1.014525e-01
+6.016289e-02
+1.324526e-02
-3.490902e-02
-7.981046e-02
-1.172901e-01
-1.438849e-01
-1.571547e-01
-1.559015e-01
-1.402722e-01
-1.117365e-01
-7.294285e-02
-2.746804e-02
+2.051690e-02
+6.663134e-02
+1.066856e-01
+1.370603e-01
+1.550304e-01
+1.590045e-01
+1.486605e-01
+1.249646e-01
+9.007445e-02
+4.713712e-02

eigenvalue = -7.661011e-02:
+4.260026e-02
+8.193697e-02
+1.149970e-01
+1.392486e-01
+1.528358e-01
+1.547201e-01
+1.447597e-01
+1.237201e-01
+9.321431e-02
+5.557888e-02
+1.369403e-02
-2.923740e-02
-6.993537e-02
-1.052936e-01
-1.326167e-01
-1.498256e-01
-1.556147e-01
-1.495507e-01
-1.321035e-01
-1.046085e-01
-6.916323e-02
-2.846583e-02
+1.439134e-02
+5.615759e-02
+9.367090e-02
+1.240973e-01
+1.451445e-01
+1.552334e-01
+1.536153e-01
+1.404257e-01
+1.166707e-01
+8.414838e-02
+4.531081e-02
+3.077183e-03
-3.938676e-02
-7.890682e-02
-1.125377e-01
-1.377819e-01
-1.527738e-01
-1.564158e-01
-1.484563e-01
-1.295039e-01
-1.009783e-01
-6.500142e-02
-2.423653e-02
+1.831032e-02
+5.951347e-02
+9.635766e-02
+1.261583e-01
+1.467555e-01
+1.566690e-01
+1.552012e-01
+1.424830e-01
+1.194592e-01
+8.781458e-02
+4.984732e-02
+8.299507e-03
-3.384303e-02
-7.356638e-02
-1.080441e-01
-1.348374e-01
-1.520655e-01
-1.585348e-01
-1.538178e-01
-1.382770e-01
-1.130333e-01
-7.988050e-02
-4.115462e-02
+4.340718e-04
+4.199266e-02
+8.064779e-02
+1.137441e-01
+1.390252e-01
+1.547848e-01
+1.599782e-01
+1.542872e-01
+1.381344e-01
+1.126475e-01
+7.957523e-02
+4.116362e-02

eigenvalue = -5.726843e-02:
-3.677577e-02
-7.144550e-02
-1.020241e-01
-1.267613e-01
-1.442422e-01
-1.534681e-01
-1.539135e-01
-1.455560e-01
-1.288770e-01
-1.048333e-01
-7.480188e-02
-4.050051e-02
-3.888629e-03
+3.294495e-02
+6.790166e-02
+9.899303e-02
+1.244539e-01
+1.428422e-01
+1.531208e-01
+1.547146e-01
+1.475425e-01
+1.320200e-01
+1.090343e-01
+7.989236e-02
+4.624521e-02
+9.993731e-03
-2.681978e-02
-6.212716e-02
-9.395085e-02
-1.205146e-01
-1.403419e-01
-1.523376e-01
-1.558470e-01
-1.506899e-01
-1.371686e-01
-1.160479e-01
-8.851058e-02
-5.608909e-02
-2.057892e-02
+1.606208e-02
+5.182239e-02
+8.474769e-02
+1.130475e-01
+1.351918e-01
+1.499928e-01
+1.566669e-01
+1.548743e-01
+1.447336e-01
+1.268125e-01
+1.020932e-01
+7.191613e-02
+3.790565e-02
+1.880598e-03
-3.424411e-02
-6.855990e-02
-9.926547e-02
-1.247607e-01
-1.437290e-01
-1.552030e-01
-1.586122e-01
-1.538083e-01
-1.410683e-01
-1.210761e-01
-9.488245e-02
-6.384738e-02
-2.956702e-02
+6.210298e-03
+4.167445e-02
+7.504569e-02
+1.046637e-01
+1.290695e-01
+1.470754e-01
+1.578206e-01
+1.608094e-01
+1.559312e-01
+1.434598e-01
+1.240357e-01
+9.862916e-02
+6.848884e-02
+3.507776e-02

eigenvalue = -4.085725e-02:
-3.092465e-02
-6.058586e-02
-8.777206e-02
-1.113733e-01
-1.304269e-01
-1.441566e-01
-1.520044e-01
-1.536530e-01
-1.490387e-01
-1.383536e-01
-1.220368e-01
-1.007564e-01
-7.538149e-02
-4.694612e-02
-1.660669e-02
+1.440556e-02
+4.483485e-02
+7.345206e-02
+9.910449e-02
+1.207623e-01
+1.375598e-01
+1.488294e-01
+1.541280e-01
+1.532536e-01
+1.462523e-01
+1.334148e-01
+1.152638e-01
+9.253155e-02
+6.612926e-02
+3.710989e-02
+6.625205e-03
-2.412046e-02
-5.391827e-02
-8.160262e-02
-1.060967e-01
-1.264540e-01
-1.418946e-01
-1.518338e-01
-1.559037e-01
-1.539652e-01
-1.461116e-01
-1.326626e-01
-1.141501e-01
-9.129537e-02
-6.497998e-02
-3.621024e-02
-6.077836e-03
+2.428243e-02
+5.373586e-02
+8.119043e-02
+1.056371e-01
+1.261866e-01
+1.421005e-01
+1.528169e-01
+1.579688e-01
+1.573949e-01
+1.511426e-01
+1.394635e-01
+1.228013e-01
+1.017734e-01
+7.714566e-02
+4.980351e-02
+2.071833e-02
-9.088019e-03
-3.857979e-02
-6.674373e-02
-9.262383e-02
-1.153533e-01
-1.341827e-01
-1.485035e-01
-1.578660e-01
-1.619913e-01
-1.607781e-01
-1.543019e-01
-1.428091e-01
-1.267059e-01
-1.065413e-01
-8.298650e-02
-5.681063e-02
-2.885404e-02

eigenvalue = -2.740290e-02:
+2.507632e-02
+4.946552e-02
+7.249952e-02
+9.354782e-02
+1.120349e-01
+1.274562e-01
+1.393918e-01
+1.475181e-01
+1.516163e-01
+1.515786e-01
+1.474102e-01
+1.392296e-01
+1.272642e-01
+1.118442e-01
+9.339278e-02
+7.241414e-02
+4.947939e-02
+2.521056e-02
+2.633369e-04
-2.469096e-02
-4.898370e-02
-7.196708e-02
-9.303143e-02
-1.116215e-01
-1.272507e-01
-1.395142e-01
-1.480983e-01
-1.527887e-01
-1.534747e-01
-1.501519e-01
-1.429204e-01
-1.319818e-01
-1.176325e-01
-1.002550e-01
-8.030686e-02
-5.830802e-02
-3.482656e-02
-1.046341e-02
+1.416345e-02
+3.843501e-02
+6.174707e-02
+8.352529e-02
+1.032392e-01
+1.204151e-01
+1.346465e-01
+1.456038e-01
+1.530408e-01
+1.567992e-01
+1.568115e-01
+1.531006e-01
+1.457776e-01
+1.350379e-01
+1.211542e-01
+1.044693e-01
+8.538586e-02
+6.435633e-02
+4.187086e-02
+1.844535e-02
-5.391045e-03
-2.910831e-02
-5.218764e-02
-7.413286e-02
-9.448095e-02
-1.128115e-01
-1.287550e-01
-1.419994e-01
-1.522954e-01
-1.594600e-01
-1.633787e-01
-1.640060e-01
-1.613639e-01
-1.555398e-01
-1.466823e-01
-1.349968e-01
-1.207387e-01
-1.042071e-01
-8.573730e-02
-6.569286e-02
-4.445742e-02
-2.242660e-02

eigenvalue = -1.691905e-02:
+1.930426e-02
+3.828194e-02
+5.661216e-02
+7.398533e-02
+9.010854e-02
+1.047106e-01
+1.175469e-01
+1.284031e-01
+1.370994e-01
+1.434930e-01
+1.474808e-01
+1.490005e-01
+1.480319e-01
+1.445970e-01
+1.387587e-01
+1.306204e-01
+1.203231e-01
+1.080431e-01
+9.398837e-02
+7.839521e-02
+6.152346e-02
+4.365215e-02
+2.507449e-02
+6.092810e-03
-1.298660e-02
-3.185867e-02
-5.022453e-02
-6.779646e-02
-8.430234e-02
-9.948997e-02
-1.131308e-01
-1.250233e-01
-1.349956e-01
-1.429080e-01
-1.486543e-01
-1.521631e-01
-1.533980e-01
-1.523576e-01
-1.490748e-01
-1.436154e-01
-1.360764e-01
-1.265837e-01
-1.152897e-01
-1.023700e-01
-8.802042e-02
-7.245323e-02
-5.589388e-02
-3.857704e-02
-2.074299e-02
-2.633892e-03
+1.550973e-02
+3.345244e-02
+5.096702e-02
+6.783750e-02
+8.386172e-02
+9.885374e-02
+1.126457e-01
+1.250897e-01
+1.360586e-01
+1.454474e-01
+1.531735e-01
+1.591767e-01
+1.634194e-01
+1.658858e-01
+1.665811e-01
+1.655308e-01
+1.627789e-01
+1.583866e-01
+1.524308e-01
+1.450022e-01
+1.362032e-01
+1.261463e-01
+1.149518e-01
+1.027460e-01
+8.965950e-02
+7.582468e-02
+6.137451e-02
+4.644056e-02
+3.115153e-02
+1.563176e-02

eigenvalue = -9.297479e-03:
-1.398850e-02
-2.784697e-02
-4.144670e-02
-5.466165e-02
-6.736971e-02
-7.945397e-02
-9.080387e-02
-1.013163e-01
-1.108966e-01
-1.194596e-01
-1.269301e-01
-1.332439e-01
-1.383481e-01
-1.422016e-01
-1.447755e-01
-1.460530e-01
-1.460296e-01
-1.447128e-01
-1.421219e-01
-1.382879e-01
-1.332525e-01
-1.270678e-01
-1.197953e-01
-1.115057e-01
-1.022772e-01
-9.219526e-02
-8.135111e-02
-6.984098e-02
-5.776497e-02
-4.522594e-02
-3.232845e-02
-1.917774e-02
-5.878662e-03
+7.465318e-03
+2.075304e-02
+3.388657e-02
+4.677197e-02
+5.932010e-02
+7.144726e-02
+8.307577e-02
+9.413448e-02
+1.045592e-01
+1.142928e-01
+1.232859e-01
+1.314966e-01
+1.388905e-01
+1.454411e-01
+1.511291e-01
+1.559426e-01
+1.598770e-01
+1.629341e-01
+1.651223e-01
+1.664558e-01
+1.669543e-01
+1.666425e-01
+1.655498e-01
+1.637091e-01
+1.611570e-01
+1.579329e-01
+1.540783e-01
+1.496366e-01
+1.446523e-01
+1.391706e-01
+1.332369e-01
+1.268962e-01
+1.201928e-01
+1.131699e-01
+1.058692e-01
+9.833023e-02
+9.059060e-02
+8.268527e-02
+7.464646e-02
+6.650344e-02
+5.828225e-02
+5.000563e-02
+4.169279e-02
+3.335937e-02
+2.501724e-02
+1.667451e-02
+8.335348e-03

eigenvalue = -3.734014e-03:
+1.003977e-02
+2.004207e-02
+2.996966e-02
+3.978574e-02
+4.945424e-02
+5.893996e-02
+6.820883e-02
+7.722810e-02
+8.596653e-02
+9.439457e-02
+1.024845e-01
+1.102107e-01
+1.175496e-01
+1.244798e-01
+1.309823e-01
+1.370407e-01
+1.426409e-01
+1.477712e-01
+1.524228e-01
+1.565891e-01
+1.602661e-01
+1.634524e-01
+1.661490e-01
+1.683591e-01
+1.700884e-01
+1.713446e-01
+1.721375e-01
+1.724790e-01
+1.723825e-01
+1.718632e-01
+1.709380e-01
+1.696249e-01
+1.679431e-01
+1.659130e-01
+1.635557e-01
+1.608931e-01
+1.579475e-01
+1.547416e-01
+1.512986e-01
+1.476413e-01
+1.437928e-01
+1.397758e-01
+1.356126e-01
+1.313253e-01
+1.269350e-01
+1.224626e-01
+1.179279e-01
+1.133499e-01
+1.087466e-01
+1.041353e-01
+9.953192e-02
+9.495147e-02
+9.040779e-02
+8.591359e-02
+8.148042e-02
+7.711868e-02
+7.283758e-02
+6.864520e-02
+6.454846e-02
+6.055317e-02
+5.666402e-02
+5.288465e-02
+4.921766e-02
+4.566462e-02
+4.222616e-02
+3.890193e-02
+3.569073e-02
+3.259044e-02
+2.959815e-02
+2.671012e-02
+2.392184e-02
+2.122803e-02
+1.862268e-02
+1.609905e-02
+1.364968e-02
+1.126636e-02
+8.940156e-03
+6.661361e-03
+4.419462e-03
+2.203099e-03

