Numerical Analysis Of A Quantum Harmonic Oscillator

Program parameters:
  n        = 80
  infinity = 0.2
  N_max    = 200000
  epsilon  = 1.000000e-08

Jacobi eigenpair algorithm completed:
  Number of iterations = 9426
  Max. Abs. off-diag.  = 9.927e-09
  time spent           = 0.195441 s

Eigenvalues:
-4.018792e+00
-4.006063e+00
-3.997594e+00
-3.987926e+00
-3.974930e+00
-3.958774e+00
-3.939591e+00
-3.917455e+00
-3.892421e+00
-3.864540e+00
-3.833860e+00
-3.800431e+00
-3.764308e+00
-3.725545e+00
-3.684203e+00
-3.640345e+00
-3.594038e+00
-3.545351e+00
-3.494358e+00
-3.441136e+00
-3.385766e+00
-3.328331e+00
-3.268917e+00
-3.207614e+00
-3.144514e+00
-3.079713e+00
-3.013307e+00
-2.945396e+00
-2.876084e+00
-2.805474e+00
-2.733672e+00
-2.660786e+00
-2.586926e+00
-2.512204e+00
-2.436731e+00
-2.360621e+00
-2.283989e+00
-2.206950e+00
-2.129619e+00
-2.052113e+00
-1.974549e+00
-1.897044e+00
-1.819713e+00
-1.742674e+00
-1.666041e+00
-1.589931e+00
-1.514458e+00
-1.439736e+00
-1.365876e+00
-1.292990e+00
-1.221188e+00
-1.150577e+00
-1.081265e+00
-1.013354e+00
-9.469478e-01
-8.821457e-01
-8.190455e-01
-7.577420e-01
-6.983275e-01
-6.408915e-01
-5.855205e-01
-5.322980e-01
-4.813041e-01
-4.326159e-01
-3.863069e-01
-3.424473e-01
-3.011035e-01
-2.623386e-01
-2.262122e-01
-1.927804e-01
-1.620961e-01
-1.342098e-01
-1.091701e-01
-8.702591e-02
-6.782795e-02
-5.161853e-02
-3.832189e-02
-2.731000e-02
-1.728160e-02
-7.405562e-03

Eigenvectors:

eigenvalue = -4.018792e+00:
-6.832511e-05
+1.379357e-04
-2.101323e-04
+2.862656e-04
-3.677489e-04
+4.560862e-04
-5.528988e-04
+6.599401e-04
-7.791261e-04
+9.125671e-04
-1.062601e-03
+1.231815e-03
-1.423087e-03
+1.639635e-03
-1.885039e-03
+2.163280e-03
-2.478800e-03
+2.836533e-03
-3.241968e-03
+3.701193e-03
-4.220946e-03
+4.808670e-03
-5.472567e-03
+6.221659e-03
-7.065816e-03
+8.015830e-03
-9.083448e-03
+1.028139e-02
-1.162340e-02
+1.312424e-02
-1.479970e-02
+1.666658e-02
-1.874260e-02
+2.104640e-02
-2.359738e-02
+2.641557e-02
-2.952145e-02
+3.293572e-02
-3.667897e-02
+4.077137e-02
-4.523224e-02
+5.007957e-02
-5.532941e-02
+6.099530e-02
-6.708750e-02
+7.361217e-02
-8.057055e-02
+8.795794e-02
-9.576274e-02
+1.039654e-01
-1.125371e-01
+1.214391e-01
-1.306213e-01
+1.400211e-01
-1.495631e-01
+1.591573e-01
-1.686995e-01
+1.780703e-01
-1.871354e-01
+1.957458e-01
-2.037384e-01
+2.109377e-01
-2.171576e-01
+2.222037e-01
-2.258767e-01
+2.279762e-01
-2.283055e-01
+2.266769e-01
-2.229179e-01
+2.168775e-01
-2.084339e-01
+1.975014e-01
-1.840383e-01
+1.680544e-01
-1.496182e-01
+1.288627e-01
-1.059910e-01
+8.127980e-02
-5.508124e-02
+2.782198e-02

eigenvalue = -4.006063e+00:
-2.209489e-03
+4.432360e-03
-6.681995e-03
+8.971776e-03
-1.131508e-02
+1.372526e-02
-1.621565e-02
+1.879951e-02
-2.149001e-02
+2.430020e-02
-2.724290e-02
+3.033069e-02
-3.357573e-02
+3.698976e-02
-4.058385e-02
+4.436832e-02
-4.835255e-02
+5.254475e-02
-5.695173e-02
+6.157867e-02
-6.642880e-02
+7.150307e-02
-7.679989e-02
+8.231465e-02
-8.803944e-02
+9.396253e-02
-1.000681e-01
+1.063356e-01
-1.127395e-01
+1.192490e-01
-1.258271e-01
+1.324309e-01
-1.390109e-01
+1.455108e-01
-1.518674e-01
+1.580106e-01
-1.638633e-01
+1.693418e-01
-1.743563e-01
+1.788111e-01
-1.826058e-01
+1.856362e-01
-1.877957e-01
+1.889768e-01
-1.890732e-01
+1.879817e-01
-1.856049e-01
+1.818538e-01
-1.766508e-01
+1.699331e-01
-1.616556e-01
+1.517947e-01
-1.403519e-01
+1.273564e-01
-1.128689e-01
+9.698422e-02
-7.983330e-02
+6.158507e-02
-4.244718e-02
+2.266582e-02
-2.524410e-03
-1.765896e-02
+3.753554e-02
-5.673145e-02
+7.485462e-02
-9.150352e-02
+1.062772e-01
-1.187866e-01
+1.286675e-01
-1.355938e-01
+1.392916e-01
-1.395530e-01
+1.362500e-01
-1.293464e-01
+1.189088e-01
-1.051144e-01
+8.825571e-02
-6.874197e-02
+4.709525e-02
-2.394214e-02

eigenvalue = -3.997594e+00:
-1.075814e-02
+2.149032e-02
-3.217027e-02
+4.277106e-02
-5.326476e-02
+6.362217e-02
-7.381254e-02
+8.380326e-02
-9.355964e-02
+1.030447e-01
-1.122190e-01
+1.210405e-01
-1.294645e-01
+1.374436e-01
-1.449277e-01
+1.518643e-01
-1.581985e-01
+1.638733e-01
-1.688302e-01
+1.730092e-01
-1.763500e-01
+1.787924e-01
-1.802769e-01
+1.807463e-01
-1.801461e-01
+1.784260e-01
-1.755412e-01
+1.714539e-01
-1.661345e-01
+1.595636e-01
-1.517332e-01
+1.426487e-01
-1.323305e-01
+1.208152e-01
-1.081578e-01
+9.443242e-02
-7.973367e-02
+6.417759e-02
-4.790209e-02
+3.106715e-02
-1.385440e-02
-3.533671e-03
+2.087524e-02
-3.793125e-02
+5.444830e-02
-7.016213e-02
+8.480202e-02
-9.809580e-02
+1.097756e-01
-1.195844e-01
+1.272828e-01
-1.326566e-01
+1.355243e-01
-1.357450e-01
+1.332258e-01
-1.279291e-01
+1.198787e-01
-1.091653e-01
+9.595033e-02
-8.046821e-02
+6.302637e-02
-4.400309e-02
+2.384270e-02
-3.048002e-03
-1.783014e-02
+3.820611e-02
-5.747551e-02
+7.503364e-02
-9.029597e-02
+1.027201e-01
-1.118285e-01
+1.172309e-01
-1.186462e-01
+1.159213e-01
-1.090475e-01
+9.817163e-02
-8.360253e-02
+6.581030e-02
-4.541869e-02
+2.318965e-02

eigenvalue = -3.987926e+00:
-1.978095e-02
+3.932295e-02
-5.838921e-02
+7.674728e-02
-9.417123e-02
+1.104438e-01
-1.253587e-01
+1.387226e-01
-1.503574e-01
+1.601026e-01
-1.678171e-01
+1.733817e-01
-1.767006e-01
+1.777041e-01
-1.763496e-01
+1.726240e-01
-1.665448e-01
+1.581613e-01
-1.475557e-01
+1.348439e-01
-1.201751e-01
+1.037322e-01
-8.573086e-02
+6.641789e-02
-4.606976e-02
+2.498984e-02
-3.505215e-03
-1.803732e-02
+3.927586e-02
-5.983881e-02
+7.935094e-02
-9.744010e-02
+1.137445e-01
-1.279203e-01
+1.396502e-01
-1.486509e-01
+1.546824e-01
-1.575552e-01
+1.571387e-01
-1.533678e-01
+1.462491e-01
-1.358658e-01
+1.223809e-01
-1.060388e-01
+8.716489e-02
-6.616243e-02
+4.350761e-02
-1.974155e-02
-4.540168e-03
+2.870061e-02
-5.207708e-02
+7.399898e-02
-9.380753e-02
+1.108770e-01
-1.246366e-01
+1.345927e-01
-1.403506e-01
+1.416338e-01
-1.383021e-01
+1.303656e-01
-1.179937e-01
+1.015205e-01
-8.144237e-02
+5.841020e-02
-3.321419e-02
+6.761614e-03
+1.995217e-02
-4.587901e-02
+6.995854e-02
-9.116278e-02
+1.085430e-01
-1.212768e-01
+1.287134e-01
-1.304142e-01
+1.261865e-01
-1.161078e-01
+1.005387e-01
-8.012145e-02
+5.576501e-02
-2.861347e-02

eigenvalue = -3.974930e+00:
+2.705627e-02
-5.343407e-02
+7.847095e-02
-1.015362e-01
+1.220461e-01
-1.394776e-01
+1.533817e-01
-1.633946e-01
+1.692475e-01
-1.707737e-01
+1.679144e-01
-1.607215e-01
+1.493583e-01
-1.340966e-01
+1.153129e-01
-9.348005e-02
+6.915774e-02
-4.297976e-02
+1.563937e-02
+1.212753e-02
-3.956081e-02
+6.589592e-02
-9.038455e-02
+1.123157e-01
-1.310367e-01
+1.459732e-01
-1.566485e-01
+1.627003e-01
-1.638956e-01
+1.601415e-01
-1.514940e-01
+1.381609e-01
-1.205015e-01
+9.902106e-02
-7.436025e-02
+4.727985e-02
-1.864056e-02
-1.062163e-02
+3.952402e-02
-6.706903e-02
+9.227837e-02
-1.142285e-01
+1.320865e-01
-1.451440e-01
+1.528496e-01
-1.548361e-01
+1.509434e-01
-1.412337e-01
+1.259993e-01
-1.057617e-01
+8.126059e-02
-5.343372e-02
+2.338636e-02
+7.647793e-03
-3.835425e-02
+6.739182e-02
-9.345138e-02
+1.153170e-01
-1.319265e-01
+1.424288e-01
-1.462344e-01
+1.430564e-01
-1.329393e-01
+1.162726e-01
-9.378730e-02
+6.653496e-02
-3.584761e-02
+3.280479e-03
+2.946138e-02
-6.060948e-02
+8.842746e-02
-1.113109e-01
+1.278857e-01
-1.370996e-01
+1.382992e-01
-1.312888e-01
+1.163637e-01
-9.431519e-02
+6.640381e-02
-3.430106e-02

eigenvalue = -3.958774e+00:
-3.370465e-02
+6.601959e-02
-9.561120e-02
+1.212559e-01
-1.418899e-01
+1.566527e-01
-1.649230e-01
+1.663450e-01
-1.608443e-01
+1.486332e-01
-1.302040e-01
+1.063109e-01
-7.794177e-02
+4.627910e-02
-1.265322e-02
-2.151165e-02
+5.475611e-02
-8.564672e-02
+1.128373e-01
-1.351277e-01
+1.515178e-01
-1.612541e-01
+1.638667e-01
-1.591953e-01
+1.474019e-01
-1.289700e-01
+1.046897e-01
-7.562821e-02
+4.308737e-02
-8.549290e-03
-2.638815e-02
+6.008311e-02
-9.092599e-02
+1.174167e-01
-1.382393e-01
+1.523304e-01
-1.589379e-01
+1.576666e-01
-1.485073e-01
+1.318485e-01
-1.084680e-01
+7.950424e-02
-4.640780e-02
+1.087501e-02
+2.523447e-02
-5.999210e-02
+9.150257e-02
-1.180085e-01
+1.379917e-01
-1.502662e-01
+1.540556e-01
-1.490510e-01
+1.354444e-01
-1.139345e-01
+8.570203e-02
-5.235588e-02
+1.585032e-02
+2.162265e-02
-5.776075e-02
+9.029179e-02
-1.171187e-01
+1.364605e-01
-1.469785e-01
+1.478807e-01
-1.389935e-01
+1.207959e-01
-9.441050e-02
+6.154910e-02
-2.441516e-02
-1.443399e-02
+5.225689e-02
-8.631944e-02
+1.140953e-01
-1.334606e-01
+1.428683e-01
-1.414866e-01
+1.292897e-01
-1.070893e-01
+7.650191e-02
-3.984982e-02

eigenvalue = -3.939591e+00:
+4.005192e-02
-7.768412e-02
+1.106216e-01
-1.368705e-01
+1.548379e-01
-1.634281e-01
+1.621100e-01
-1.509505e-01
+1.306134e-01
-1.023216e-01
+6.778636e-02
-2.910617e-02
-1.135783e-02
+5.112402e-02
-8.774078e-02
+1.189369e-01
-1.427625e-01
+1.577125e-01
-1.628237e-01
+1.577406e-01
-1.427439e-01
+1.187404e-01
-8.721364e-02
+5.013709e-02
-9.855747e-03
-3.105852e-02
+6.996857e-02
-1.043409e-01
+1.319115e-01
-1.508371e-01
+1.598231e-01
-1.582181e-01
+1.460675e-01
-1.241234e-01
+9.380640e-02
-5.712207e-02
+1.653573e-02
+2.518753e-02
-6.516750e-02
+1.006065e-01
-1.289866e-01
+1.482528e-01
-1.569689e-01
+1.544333e-01
-1.407457e-01
+1.168183e-01
-8.432696e-02
+4.560589e-02
-3.489220e-03
-3.888931e-02
+7.832584e-02
-1.117888e-01
+1.366558e-01
-1.509273e-01
+1.533984e-01
-1.437738e-01
+1.227152e-01
-9.181278e-02
+5.348107e-02
-1.078364e-02
-3.280189e-02
+7.366178e-02
-1.083455e-01
+1.338626e-01
-1.479504e-01
+1.492897e-01
-1.376460e-01
+1.139201e-01
-8.010101e-02
+3.911807e-02
+5.396537e-03
-4.941929e-02
+8.889479e-02
-1.201122e-01
+1.400638e-01
-1.467510e-01
+1.394054e-01
-1.185995e-01
+8.623005e-02
-4.537056e-02

eigenvalue = -3.917455e+00:
-4.620407e-02
+8.859396e-02
-1.236687e-01
+1.485284e-01
-1.611134e-01
+1.603748e-01
-1.463628e-01
+1.202257e-01
-8.411757e-02
+4.102445e-02
+5.480027e-03
-5.152812e-02
+9.327759e-02
-1.272314e-01
+1.505308e-01
-1.611982e-01
+1.583080e-01
-1.420713e-01
+1.138267e-01
-7.593580e-02
+3.159160e-02
+1.544527e-02
-6.116163e-02
+1.016322e-01
-1.333566e-01
+1.535650e-01
-1.604644e-01
+1.534052e-01
-1.329500e-01
+1.008387e-01
-5.985045e-02
+1.357117e-02
+3.391306e-02
-7.837279e-02
+1.158109e-01
-1.428245e-01
+1.569202e-01
-1.567532e-01
+1.422671e-01
-1.147183e-01
+7.658108e-02
-3.133765e-02
-1.682956e-02
+6.341786e-02
-1.040228e-01
+1.347570e-01
-1.526293e-01
+1.558472e-01
-1.440117e-01
+1.181806e-01
-8.079317e-02
+3.545546e-02
+1.339341e-02
-6.090735e-02
+1.023109e-01
-1.333824e-01
+1.508937e-01
-1.529606e-01
+1.392643e-01
-1.111169e-01
+7.135868e-02
-2.409131e-02
-2.572927e-02
+7.280344e-02
-1.120500e-01
+1.391612e-01
-1.510897e-01
+1.464115e-01
-1.255204e-01
+9.062477e-02
-4.554129e-02
-4.701015e-03
+5.440670e-02
-9.785377e-02
+1.299567e-01
-1.468756e-01
+1.464986e-01
-1.287335e-01
+9.556708e-02
-5.087586e-02

eigenvalue = -3.892421e+00:
-5.220468e-02
+9.879294e-02
-1.347508e-01
+1.562050e-01
-1.608396e-01
+1.481468e-01
-1.194841e-01
+7.793181e-02
-2.796530e-02
-2.502349e-02
+7.530503e-02
-1.174298e-01
+1.468186e-01
-1.602616e-01
+1.562723e-01
-1.352572e-01
+9.948017e-02
-5.282596e-02
+3.844560e-04
+5.209925e-02
-9.885114e-02
+1.347030e-01
-1.556662e-01
+1.593811e-01
-1.453903e-01
+1.152046e-01
-7.215056e-02
+2.101402e-02
+3.248362e-02
-8.232017e-02
+1.228491e-01
-1.494424e-01
+1.590260e-01
-1.504459e-01
+1.246208e-01
-8.445848e-02
+3.454290e-02
+1.937706e-02
-7.104188e-02
+1.144053e-01
-1.443453e-01
+1.572774e-01
-1.515985e-01
+1.279019e-01
-8.893616e-02
+3.930483e-02
+1.506191e-02
-6.760547e-02
+1.119265e-01
-1.425683e-01
+1.556998e-01
-1.496124e-01
+1.249635e-01
-8.473112e-02
+3.387720e-02
+2.124595e-02
-7.367729e-02
+1.167231e-01
-1.448182e-01
+1.542606e-01
-1.437221e-01
+1.144618e-01
-7.020543e-02
+1.669765e-02
+3.902340e-02
-8.954120e-02
+1.280484e-01
-1.492759e-01
+1.502363e-01
-1.306737e-01
+9.314981e-02
-4.274219e-02
-1.361443e-02
+6.806412e-02
-1.129192e-01
+1.417543e-01
-1.503478e-01
+1.373326e-01
-1.044494e-01
+5.635546e-02

eigenvalue = -3.864540e+00:
+5.807272e-02
-1.082786e-01
+1.438143e-01
-1.598611e-01
+1.542376e-01
-1.276975e-01
+8.383145e-02
-2.858458e-02
-3.054551e-02
+8.552282e-02
-1.288631e-01
+1.546525e-01
-1.593569e-01
+1.423106e-01
-1.058169e-01
+5.484410e-02
+3.643493e-03
-6.163112e-02
+1.111485e-01
-1.453650e-01
+1.595359e-01
-1.516672e-01
+1.228061e-01
-7.691357e-02
+2.033229e-02
+3.908069e-02
-9.303872e-02
+1.339802e-01
-1.561324e-01
+1.563343e-01
-1.345014e-01
+9.366091e-02
-3.954839e-02
-2.018393e-02
+7.703988e-02
-1.228847e-01
+1.511125e-01
-1.576095e-01
+1.413692e-01
-1.046680e-01
+5.276759e-02
+6.821527e-03
-6.541324e-02
+1.144067e-01
-1.465523e-01
+1.570366e-01
-1.442229e-01
+1.099304e-01
-5.920267e-02
-4.113095e-04
+5.996330e-02
-1.104418e-01
+1.441392e-01
-1.558431e-01
+1.436659e-01
-1.093782e-01
+5.818294e-02
+2.046267e-03
-6.195632e-02
+1.121589e-01
-1.447068e-01
+1.543700e-01
-1.395044e-01
+1.023660e-01
-4.880479e-02
-1.262464e-02
+7.200867e-02
-1.196677e-01
+1.477430e-01
-1.515166e-01
+1.302395e-01
-8.731746e-02
+2.980775e-02
+3.270815e-02
-8.970144e-02
+1.314676e-01
-1.507956e-01
+1.442461e-01
-1.128066e-01
+6.179419e-02

eigenvalue = -3.833860e+00:
+6.381571e-02
-1.170287e-01
+1.507956e-01
-1.595011e-01
+1.416914e-01
-1.003196e-01
+4.225855e-02
+2.283593e-02
-8.412752e-02
+1.314006e-01
-1.567627e-01
+1.559645e-01
-1.291174e-01
+8.068574e-02
-1.875248e-02
-4.632204e-02
+1.036283e-01
-1.435352e-01
+1.593115e-01
-1.482692e-01
+1.122319e-01
-5.724655e-02
-7.418658e-03
+7.082740e-02
-1.222201e-01
+1.528415e-01
-1.574398e-01
+1.351813e-01
-8.981766e-02
+2.907114e-02
+3.666478e-02
-9.609439e-02
+1.389589e-01
-1.578143e-01
+1.493381e-01
-1.149355e-01
+6.052938e-02
+4.438285e-03
-6.862950e-02
+1.207822e-01
-1.516899e-01
+1.558413e-01
-1.324251e-01
+8.551509e-02
-2.338819e-02
-4.291316e-02
+1.015313e-01
-1.419137e-01
+1.567251e-01
-1.432040e-01
+1.037083e-01
-4.533794e-02
-2.131225e-02
+8.405664e-02
-1.313415e-01
+1.543830e-01
-1.488237e-01
+1.155908e-01
-6.078303e-02
-5.413226e-03
+7.059132e-02
-1.224400e-01
+1.510770e-01
-1.509583e-01
+1.219897e-01
-6.961151e-02
+3.819346e-03
+6.271189e-02
-1.170563e-01
+1.485552e-01
-1.509353e-01
+1.236002e-01
-7.182383e-02
+5.781131e-03
+6.141505e-02
-1.163016e-01
+1.477703e-01
-1.493470e-01
+1.205716e-01
-6.717672e-02

eigenvalue = -3.800431e+00:
-6.943523e-02
+1.250129e-01
-1.556389e-01
+1.551957e-01
-1.237652e-01
+6.761615e-02
+2.041811e-03
-7.129168e-02
+1.262861e-01
-1.560155e-01
+1.545139e-01
-1.220622e-01
+6.514359e-02
+4.842796e-03
-7.385692e-02
+1.280302e-01
-1.564529e-01
+1.533768e-01
-1.193885e-01
+6.131128e-02
+9.151268e-03
-7.776291e-02
+1.306260e-01
-1.569990e-01
+1.514886e-01
-1.151686e-01
+5.538985e-02
+1.568912e-02
-8.356205e-02
+1.343302e-01
-1.575531e-01
+1.484103e-01
-1.087230e-01
+4.661609e-02
+2.512245e-02
-9.165970e-02
+1.391803e-01
-1.577633e-01
+1.434728e-01
-9.921917e-02
+3.419668e-02
+3.800085e-02
-1.022059e-01
+1.448618e-01
-1.568979e-01
+1.356852e-01
-8.564352e-02
+1.735668e-02
+5.463781e-02
-1.149285e-01
+1.505314e-01
-1.537059e-01
+1.236716e-01
-6.683846e-02
-4.521819e-03
+7.489629e-02
-1.288919e-01
+1.546116e-01
-1.463047e-01
+1.056951e-01
-4.167227e-02
-3.161240e-02
+9.784738e-02
-1.421874e-01
+1.546006e-01
-1.321782e-01
+7.986683e-02
-9.430801e-03
-6.315318e-02
+1.213007e-01
-1.516167e-01
+1.470151e-01
-1.084275e-01
+4.467850e-02
+2.947855e-02
-9.674168e-02
+1.412915e-01
-1.525368e-01
+1.276826e-01
-7.248872e-02

eigenvalue = -3.764308e+00:
-7.492957e-02
+1.321984e-01
-1.583058e-01
+1.470931e-01
-1.011974e-01
+3.143476e-02
+4.574368e-02
-1.121270e-01
+1.520391e-01
-1.560417e-01
+1.231714e-01
-6.117960e-02
-1.528544e-02
+8.813207e-02
-1.401013e-01
+1.588576e-01
-1.399245e-01
+8.776567e-02
-1.474781e-02
-6.177846e-02
+1.235934e-01
-1.559460e-01
+1.510832e-01
-1.101240e-01
+4.282270e-02
+3.473472e-02
-1.039623e-01
+1.482247e-01
-1.568432e-01
+1.276908e-01
-6.774205e-02
-8.569886e-03
+8.280846e-02
-1.369799e-01
+1.579009e-01
-1.404266e-01
+8.874530e-02
-1.540671e-02
-6.169875e-02
+1.236902e-01
-1.553222e-01
+1.487542e-01
-1.055262e-01
+3.623696e-02
+4.202078e-02
-1.098558e-01
+1.503814e-01
-1.534381e-01
+1.181753e-01
-5.332965e-02
-2.489821e-02
+9.686293e-02
-1.444010e-01
+1.554319e-01
-1.270655e-01
+6.640739e-02
+1.117210e-02
-8.589711e-02
+1.386152e-01
-1.557210e-01
+1.327068e-01
-7.540414e-02
-1.437834e-03
+7.790613e-02
-1.340671e-01
+1.551761e-01
-1.355904e-01
+8.033622e-02
-3.882687e-03
-7.359867e-02
+1.315347e-01
-1.544266e-01
+1.360407e-01
-8.117121e-02
+4.460395e-03
+7.345466e-02
-1.314704e-01
+1.537473e-01
-1.340844e-01
+7.771705e-02

eigenvalue = -3.725545e+00:
-8.029511e-02
+1.385524e-01
-1.587799e-01
+1.354208e-01
-7.488162e-02
-6.220589e-03
+8.561416e-02
-1.414849e-01
+1.584693e-01
-1.318828e-01
+6.901997e-02
+1.283660e-02
-9.115883e-02
+1.443682e-01
-1.577825e-01
+1.276762e-01
-6.232928e-02
-2.023400e-02
+9.720400e-02
-1.472820e-01
+1.565785e-01
-1.224804e-01
+5.440553e-02
+2.877666e-02
-1.039599e-01
+1.502147e-01
-1.546233e-01
+1.159076e-01
-4.482648e-02
-3.878733e-02
+1.115429e-01
-1.530315e-01
+1.515646e-01
-1.074937e-01
+3.316306e-02
+5.051699e-02
-1.199333e-01
+1.554323e-01
-1.469038e-01
+9.669470e-02
-1.900401e-02
-6.409718e-02
+1.289173e-01
-1.569021e-01
+1.399726e-01
-8.289879e-02
+2.003615e-03
+7.946844e-02
-1.380137e-01
+1.566603e-01
-1.299229e-01
+6.546733e-02
+1.803531e-02
-9.627921e-02
+1.463872e-01
-1.536188e-01
+1.157520e-01
-4.382363e-02
-4.103108e-02
+1.137538e-01
-1.527597e-01
+1.463744e-01
-9.638569e-02
+1.761114e-02
+6.643665e-02
-1.305393e-01
+1.553481e-01
-1.332693e-01
+7.085719e-02
+1.305874e-02
-9.300053e-02
+1.445597e-01
-1.518750e-01
+1.125732e-01
-3.861686e-02
-4.726234e-02
+1.185059e-01
-1.529413e-01
+1.397283e-01
-8.284974e-02

eigenvalue = -3.684203e+00:
-8.552716e-02
+1.440446e-01
-1.570698e-01
+1.204842e-01
-4.583840e-02
-4.329000e-02
+1.187381e-01
-1.566536e-01
+1.450373e-01
-8.754714e-02
+2.356510e-03
+8.358004e-02
-1.430489e-01
+1.571961e-01
-1.215134e-01
+4.729052e-02
+4.194034e-02
-1.178527e-01
+1.563148e-01
-1.450691e-01
+8.765742e-02
-2.328114e-03
-8.374327e-02
+1.430987e-01
-1.567616e-01
+1.203224e-01
-4.538986e-02
-4.407834e-02
+1.194161e-01
-1.564303e-01
+1.431861e-01
-8.388531e-02
-2.429879e-03
+8.796158e-02
-1.450954e-01
+1.553250e-01
-1.152762e-01
+3.786145e-02
+5.184311e-02
-1.246950e-01
+1.569524e-01
-1.380362e-01
+7.404411e-02
+1.416550e-02
-9.773449e-02
+1.492327e-01
-1.516785e-01
+1.041821e-01
-2.232190e-02
-6.691421e-02
+1.339992e-01
-1.566428e-01
+1.272368e-01
-5.547096e-02
-3.479861e-02
+1.134371e-01
-1.540838e-01
+1.430192e-01
-8.385651e-02
-3.567451e-03
+8.978652e-02
-1.456145e-01
+1.520453e-01
-1.067817e-01
+2.513019e-02
+6.510461e-02
-1.330506e-01
+1.553384e-01
-1.241917e-01
+5.022095e-02
+4.110972e-02
-1.181947e-01
+1.542186e-01
-1.365304e-01
+7.116833e-02
+1.910909e-02
-1.026790e-01
+1.501117e-01
-1.445717e-01
+8.787568e-02

eigenvalue = -3.640345e+00:
+9.062016e-02
-1.486478e-01
+1.532100e-01
-1.026611e-01
+1.517963e-02
+7.776356e-02
-1.427217e-01
+1.563066e-01
-1.136142e-01
+3.000383e-02
+6.441586e-02
-1.356206e-01
+1.579297e-01
-1.232759e-01
+4.413812e-02
+5.093470e-02
-1.276091e-01
+1.581635e-01
-1.315212e-01
+5.728730e-02
+3.768998e-02
-1.190106e-01
+1.571773e-01
-1.383076e-01
+6.920920e-02
+2.504427e-02
-1.101872e-01
+1.552112e-01
-1.436708e-01
+7.972193e-02
+1.333671e-02
-1.015206e-01
+1.525584e-01
-1.477150e-01
+8.870412e-02
+2.872029e-03
-9.339255e-02
+1.495445e-01
-1.505956e-01
+9.608784e-02
-6.084333e-03
-8.616978e-02
+1.465058e-01
-1.524989e-01
+1.018451e-01
-1.330485e-02
-8.019215e-02
+1.437677e-01
-1.536171e-01
+1.059687e-01
-1.859312e-02
-7.576443e-02
+1.416240e-01
-1.541224e-01
+1.084501e-01
-2.177313e-02
-7.315093e-02
+1.403169e-01
-1.541396e-01
+1.092540e-01
-2.267681e-02
-7.257061e-02
+1.400170e-01
-1.537175e-01
+1.082942e-01
-2.113299e-02
-7.419006e-02
+1.407999e-01
-1.528012e-01
+1.054116e-01
-1.696120e-02
-7.811060e-02
+1.426209e-01
-1.512033e-01
+1.003568e-01
-9.974978e-03
-8.434569e-02
+1.452822e-01
-1.485785e-01
+9.278463e-02

eigenvalue = -3.594038e+00:
-9.556838e-02
+1.523390e-01
-1.472621e-01
+8.239424e-02
+1.593059e-02
-1.077858e-01
+1.558604e-01
-1.406150e-01
+6.823038e-02
+3.188686e-02
-1.190398e-01
+1.577793e-01
-1.323278e-01
+5.301995e-02
+4.787538e-02
-1.292694e-01
+1.579833e-01
-1.222835e-01
+3.669972e-02
+6.386353e-02
-1.383449e-01
+1.562915e-01
-1.103285e-01
+1.922048e-02
+7.975781e-02
-1.460535e-01
+1.524551e-01
-9.628814e-02
+5.715741e-04
+9.537996e-02
-1.520875e-01
+1.461622e-01
-7.998813e-02
-1.918916e-02
+1.104411e-01
-1.560334e-01
+1.370491e-01
-6.128427e-02
-3.989920e-02
+1.245151e-01
-1.573680e-01
+1.247227e-01
-4.010335e-02
-6.124851e-02
+1.370129e-01
-1.554637e-01
+1.087966e-01
-1.649697e-02
-8.273151e-02
+1.471631e-01
-1.496091e-01
+8.894699e-02
+9.290501e-03
-1.035973e-01
+1.540058e-01
-1.390535e-01
+6.499225e-02
+3.674078e-02
-1.228049e-01
+1.564087e-01
-1.230837e-01
+3.699906e-02
+6.497285e-02
-1.389960e-01
+1.531211e-01
-1.011407e-01
+5.415010e-03
+9.265718e-02
-1.505020e-01
+1.428802e-01
-7.298613e-02
-2.878063e-02
+1.179539e-01
-1.554102e-01
+1.245874e-01
-3.891434e-02
-6.392684e-02
+1.385054e-01
-1.517186e-01
+9.756698e-02

eigenvalue = -3.545351e+00:
-1.003658e-01
+1.550997e-01
-1.393139e-01
+6.018155e-02
+4.631818e-02
-1.317523e-01
+1.572565e-01
-1.112172e-01
+1.456963e-02
+8.870916e-02
-1.516023e-01
+1.454578e-01
-7.305331e-02
-3.264006e-02
+1.234547e-01
-1.579714e-01
+1.204200e-01
-2.790758e-02
-7.734810e-02
+1.472673e-01
-1.498724e-01
+8.393522e-02
+2.041071e-02
-1.154111e-01
+1.575347e-01
-1.274349e-01
+3.887185e-02
+6.753706e-02
-1.429175e-01
+1.525878e-01
-9.204702e-02
-1.088219e-02
+1.087959e-01
-1.565233e-01
+1.319844e-01
-4.645323e-02
-6.056492e-02
+1.395418e-01
-1.538477e-01
+9.678020e-02
+5.232348e-03
-1.048124e-01
+1.556124e-01
-1.339092e-01
+4.974373e-02
+5.765176e-02
-1.380922e-01
+1.538894e-01
-9.755927e-02
-4.554150e-03
+1.045276e-01
-1.553202e-01
+1.329360e-01
-4.783608e-02
-5.986294e-02
+1.392413e-01
-1.526516e-01
+9.363523e-02
+9.872662e-03
-1.086824e-01
+1.556945e-01
-1.283882e-01
+3.970145e-02
+6.799618e-02
-1.430814e-01
+1.494293e-01
-8.387089e-02
-2.211470e-02
+1.174224e-01
-1.559358e-01
+1.188948e-01
-2.414438e-02
-8.234638e-02
+1.487231e-01
-1.425178e-01
+6.662951e-02
+4.189814e-02
-1.298624e-01
+1.539679e-01
-1.022138e-01

eigenvalue = -3.494358e+00:
+1.050062e-01
-1.569162e-01
+1.294790e-01
-3.656467e-02
-7.484186e-02
+1.483938e-01
-1.468791e-01
+7.105223e-02
+4.072931e-02
-1.318963e-01
+1.562906e-01
-1.015425e-01
-4.638877e-03
+1.084699e-01
-1.573243e-01
+1.264132e-01
-3.138497e-02
-7.956810e-02
+1.501310e-01
-1.444510e-01
+6.537823e-02
+4.692830e-02
-1.353674e-01
+1.549226e-01
-9.559830e-02
-1.242873e-02
+1.141200e-01
-1.576003e-01
+1.206379e-01
-2.205743e-02
-8.779725e-02
+1.527436e-01
-1.395028e-01
+5.479734e-02
+5.800212e-02
-1.410401e-01
+1.516479e-01
-8.431048e-02
-2.640009e-02
+1.235169e-01
-1.569735e-01
+1.094490e-01
-5.405434e-03
-1.014323e-01
+1.557843e-01
-1.294421e-01
+3.597860e-02
+7.616170e-02
-1.487216e-01
+1.439047e-01
-6.413016e-02
-4.908819e-02
+1.366763e-01
-1.528145e-01
+8.896655e-02
+2.150732e-02
-1.206950e-01
+1.564635e-01
-1.099086e-01
+5.446757e-03
+1.018887e-01
-1.553936e-01
+1.266832e-01
-3.085110e-02
-8.135103e-02
+1.503232e-01
-1.392936e-01
+5.401908e-02
+6.009255e-02
-1.420746e-01
+1.479735e-01
-7.450316e-02
-3.899381e-02
+1.315070e-01
-1.531344e-01
+9.207906e-02
+1.877778e-02
-1.194610e-01
+1.553087e-01
-1.067165e-01

eigenvalue = -3.441136e+00:
+1.094836e-01
-1.577801e-01
+1.178953e-01
-1.211656e-02
-1.004348e-01
+1.568416e-01
-1.255608e-01
+2.407122e-02
+9.088031e-02
-1.549973e-01
+1.323974e-01
-3.570780e-02
-8.096894e-02
+1.523117e-01
-1.383510e-01
+4.688116e-02
+7.086198e-02
-1.488781e-01
+1.433976e-01
-5.746180e-02
-6.072743e-02
+1.448150e-01
-1.475435e-01
+6.733942e-02
+5.073467e-02
-1.402617e-01
+1.508235e-01
-7.642522e-02
-4.104961e-02
+1.353728e-01
-1.532983e-01
+8.465283e-02
+3.183054e-02
-1.303137e-01
+1.550508e-01
-9.197774e-02
-2.322507e-02
+1.252544e-01
-1.561809e-01
+9.837536e-02
+1.536821e-02
-1.203655e-01
+1.568005e-01
-1.038378e-01
-8.381650e-03
+1.158134e-01
-1.570273e-01
+1.083695e-01
+2.374216e-03
-1.117563e-01
+1.569786e-01
-1.119820e-01
+2.556638e-03
+1.083413e-01
-1.567651e-01
+1.146876e-01
-6.322583e-03
-1.057011e-01
+1.564845e-01
-1.164934e-01
+8.841626e-03
+1.039520e-01
-1.562144e-01
+1.173944e-01
-1.003530e-02
-1.031906e-01
+1.560066e-01
-1.173667e-01
+9.826094e-03
+1.034911e-01
-1.558793e-01
+1.163616e-01
-8.135983e-03
-1.049008e-01
+1.558103e-01
-1.142997e-01
+4.886281e-03
+1.074346e-01
-1.557292e-01
+1.110671e-01

eigenvalue = -3.385766e+00:
-1.137919e-01
+1.576884e-01
-1.047234e-01
-1.257194e-02
+1.221439e-01
-1.566724e-01
+9.493301e-02
+2.514581e-02
-1.297694e-01
+1.546202e-01
-8.440375e-02
-3.771857e-02
+1.366398e-01
-1.514914e-01
+7.311091e-02
+5.027707e-02
-1.427047e-01
+1.472269e-01
-6.102650e-02
-6.279271e-02
+1.478894e-01
-1.417498e-01
+4.812444e-02
+7.521580e-02
-1.520918e-01
+1.349684e-01
-3.438657e-02
-8.746946e-02
+1.551807e-01
-1.267791e-01
+1.980983e-02
+9.944335e-02
-1.569943e-01
+1.170717e-01
-4.414630e-03
-1.109870e-01
+1.573397e-01
-1.057359e-01
-1.174535e-02
+1.219033e-01
-1.559950e-01
+9.267061e-02
+2.857181e-02
-1.319424e-01
+1.527122e-01
-7.779565e-02
-4.590918e-02
+1.407968e-01
-1.472245e-01
+6.106692e-02
+6.353079e-02
-1.480983e-01
+1.392574e-01
-4.249507e-02
-8.112464e-02
+1.534187e-01
-1.285447e-01
+2.216790e-02
+9.827977e-02
-1.562750e-01
+1.148509e-01
-2.760812e-04
-1.144748e-01
+1.561414e-01
-9.800152e-02
-2.285851e-02
+1.290710e-01
-1.524714e-01
+7.792037e-02
+4.675368e-02
-1.413133e-01
+1.447306e-01
-5.467522e-02
-7.073985e-02
+1.503425e-01
-1.324439e-01
+2.852990e-02
+9.393937e-02
-1.552235e-01
+1.152580e-01

eigenvalue = -3.328331e+00:
-1.179254e-01
+1.566432e-01
-9.014481e-02
-3.690598e-02
+1.391646e-01
-1.479294e-01
+5.730219e-02
+7.183026e-02
-1.526885e-01
+1.309152e-01
-2.113042e-02
-1.028626e-01
+1.576757e-01
-1.064205e-01
-1.644129e-02
+1.282374e-01
-1.537003e-01
+7.565662e-02
+5.335267e-02
-1.464092e-01
+1.407702e-01
-4.020169e-02
-8.748764e-02
+1.561321e-01
-1.193592e-01
+1.961576e-03
+1.167616e-01
-1.565407e-01
+9.042802e-02
+3.688601e-02
-1.392225e-01
+1.472318e-01
-5.543095e-02
-7.396918e-02
+1.531652e-01
-1.283410e-01
+1.630007e-02
+1.068251e-01
-1.572588e-01
+1.006083e-01
+2.459905e-02
-1.330319e-01
+1.506806e-01
-6.542329e-02
-6.454904e-02
+1.503689e-01
-1.332508e-01
+2.483770e-02
+1.006070e-01
-1.570044e-01
+1.055538e-01
+1.846779e-02
-1.297807e-01
+1.517014e-01
-6.903202e-02
-6.127711e-02
+1.492567e-01
-1.340288e-01
+2.602903e-02
+1.000060e-01
-1.566752e-01
+1.045562e-01
+2.024023e-02
-1.309522e-01
+1.504375e-01
-6.500360e-02
-6.581751e-02
+1.506298e-01
-1.300223e-01
+1.830884e-02
+1.062490e-01
-1.561774e-01
+9.627022e-02
+3.142638e-02
-1.369657e-01
+1.458123e-01
-5.158671e-02
-7.915282e-02
+1.537919e-01
-1.192821e-01

eigenvalue = -3.268917e+00:
-1.218781e-01
+1.546524e-01
-7.435927e-02
-6.030077e-02
+1.508701e-01
-1.311178e-01
+1.547883e-02
+1.114811e-01
-1.568956e-01
+8.752894e-02
+4.588201e-02
-1.457156e-01
+1.388910e-01
-3.038253e-02
-1.003744e-01
+1.576117e-01
-9.937571e-02
-3.168721e-02
+1.395216e-01
-1.450470e-01
+4.417736e-02
+8.910839e-02
-1.569856e-01
+1.095870e-01
+1.831360e-02
-1.327557e-01
+1.495952e-01
-5.640337e-02
-7.829358e-02
+1.553500e-01
-1.179803e-01
-6.334020e-03
+1.259781e-01
-1.526853e-01
+6.669086e-02
+6.855824e-02
-1.531439e-01
+1.244905e-01
-3.728249e-03
-1.197942e-01
+1.545686e-01
-7.475647e-02
-6.051283e-02
+1.508601e-01
-1.291355e-01
+1.140790e-02
+1.148070e-01
-1.555423e-01
+8.037844e-02
+5.472531e-02
-1.489862e-01
+1.319633e-01
-1.628884e-02
-1.115731e-01
+1.558823e-01
-8.335382e-02
-5.170687e-02
+1.479413e-01
-1.329843e-01
+1.798245e-02
+1.105607e-01
-1.557667e-01
+8.344386e-02
+5.190252e-02
-1.480078e-01
+1.320946e-01
-1.610135e-02
-1.121040e-01
+1.551917e-01
-8.031684e-02
-5.567567e-02
+1.492536e-01
-1.289976e-01
+1.024267e-02
+1.163424e-01
-1.538818e-01
+7.350196e-02
+6.327074e-02
-1.514404e-01
+1.231325e-01

eigenvalue = -3.207614e+00:
-1.256446e-01
+1.517294e-01
-5.758230e-02
-8.219539e-02
+1.568346e-01
-1.071764e-01
-2.743042e-02
+1.402935e-01
-1.419353e-01
+3.103944e-02
+1.044706e-01
-1.571225e-01
+8.513483e-02
+5.440017e-02
-1.507642e-01
+1.274580e-01
-2.956956e-03
-1.238924e-01
+1.523264e-01
-5.972390e-02
-8.034865e-02
+1.565380e-01
-1.082270e-01
-2.619065e-02
+1.397632e-01
-1.420568e-01
+3.120115e-02
+1.045165e-01
-1.569172e-01
+8.417437e-02
+5.572894e-02
-1.511469e-01
+1.258546e-01
-1.304127e-06
-1.258530e-01
+1.510433e-01
-5.535555e-02
-8.465717e-02
+1.568435e-01
-1.032948e-01
-3.311081e-02
+1.429405e-01
-1.379690e-01
+2.211744e-02
+1.115207e-01
-1.554146e-01
+7.415525e-02
+6.686235e-02
-1.539600e-01
+1.168082e-01
+1.468106e-02
-1.343045e-01
+1.452929e-01
-3.866503e-02
-9.928780e-02
+1.567353e-01
-8.699131e-02
-5.340647e-02
+1.503904e-01
-1.250155e-01
-2.163794e-03
+1.275794e-01
-1.489130e-01
+4.864673e-02
+9.138134e-02
-1.566463e-01
+9.362689e-02
+4.614350e-02
-1.480496e-01
+1.283460e-01
-3.108693e-03
-1.246874e-01
+1.497423e-01
-5.127846e-02
-8.952961e-02
+1.563254e-01
-9.374627e-02
-4.650471e-02
+1.481811e-01
-1.268027e-01

eigenvalue = -3.144514e+00:
+1.292196e-01
-1.478929e-01
+4.004233e-02
+1.020661e-01
-1.568485e-01
+7.742532e-02
+6.825106e-02
-1.555192e-01
+1.096823e-01
+3.004049e-02
-1.440457e-01
+1.347156e-01
-1.001998e-02
-1.232579e-01
+1.509432e-01
-4.929163e-02
-9.460513e-02
+1.574019e-01
-8.523264e-02
-6.003947e-02
+1.538023e-01
-1.155759e-01
-2.186502e-02
+1.405302e-01
-1.384803e-01
+1.743484e-02
+1.185978e-01
-1.526446e-01
+5.537653e-02
+8.954928e-02
-1.573756e-01
+8.964731e-02
+5.533263e-02
-1.526089e-01
+1.182549e-01
+1.814764e-02
-1.388818e-01
+1.396454e-01
-1.971500e-02
-1.172641e-01
+1.527816e-01
-5.603084e-02
-8.925609e-02
+1.571796e-01
-8.878295e-02
-5.666228e-02
+1.529028e-01
-1.162779e-01
-2.145434e-02
+1.405187e-01
-1.372296e-01
+1.436644e-02
+1.210238e-01
-1.508073e-01
+4.889632e-02
+9.574655e-02
-1.566490e-01
+8.043762e-02
+6.623673e-02
-1.548408e-01
+1.075824e-01
+3.415182e-02
-1.458692e-01
+1.292679e-01
+1.148288e-03
-1.305526e-01
+1.448040e-01
-3.121463e-02
-1.099583e-01
+1.538718e-01
-6.155352e-02
-8.531469e-02
+1.565010e-01
-8.871844e-02
-5.792340e-02
+1.530262e-01
-1.118286e-01
-2.907904e-02
+1.440314e-01
-1.302867e-01

eigenvalue = -3.079713e+00:
-1.325980e-01
+1.431669e-01
-2.197767e-02
-1.194386e-01
+1.509254e-01
-4.349445e-02
-1.039734e-01
+1.557248e-01
-6.410387e-02
-8.654268e-02
+1.574923e-01
-8.338762e-02
-6.753088e-02
+1.562320e-01
-1.009681e-01
-4.735396e-02
+1.520229e-01
-1.165192e-01
-2.644576e-02
+1.450148e-01
-1.297749e-01
-5.244089e-03
+1.354216e-01
-1.405356e-01
+1.582293e-02
+1.235116e-01
-1.486710e-01
+3.634955e-02
+1.095976e-01
-1.541216e-01
+5.596372e-02
+9.402471e-02
-1.568964e-01
+7.433666e-02
+7.715808e-02
-1.570690e-01
+9.119025e-02
+5.937081e-02
-1.547710e-01
+1.063022e-01
+4.103209e-02
-1.501846e-01
+1.195089e-01
+2.249643e-02
-1.435331e-01
+1.307060e-01
+4.094275e-03
-1.350715e-01
+1.398469e-01
-1.387584e-02
-1.250765e-01
+1.469391e-01
-3.115322e-02
-1.138361e-01
+1.520397e-01
-4.751918e-02
-1.016412e-01
+1.552492e-01
-6.279928e-02
-8.877674e-02
+1.567042e-01
-7.686384e-02
-7.551466e-02
+1.565707e-01
-8.962687e-02
-6.210807e-02
+1.550363e-01
-1.010436e-01
-4.878675e-02
+1.523032e-01
-1.111071e-01
-3.575410e-02
+1.485813e-01
-1.198438e-01
-2.318547e-02
+1.440823e-01
-1.273083e-01
-1.122774e-02
+1.390145e-01
-1.335787e-01

eigenvalue = -3.013307e+00:
+1.357750e-01
-1.375809e-01
+3.633307e-03
+1.338994e-01
-1.393015e-01
+7.234439e-03
+1.319723e-01
-1.409235e-01
+1.077139e-02
+1.300141e-01
-1.424363e-01
+1.421249e-02
+1.280471e-01
-1.438316e-01
+1.752652e-02
+1.260959e-01
-1.451035e-01
+2.068285e-02
+1.241863e-01
-1.462484e-01
+2.365149e-02
+1.223457e-01
-1.472643e-01
+2.640318e-02
+1.206025e-01
-1.481509e-01
+2.890930e-02
+1.189854e-01
-1.489093e-01
+3.114189e-02
+1.175239e-01
-1.495411e-01
+3.307353e-02
+1.162470e-01
-1.500482e-01
+3.467717e-02
+1.151836e-01
-1.504321e-01
+3.592597e-02
+1.143612e-01
-1.506934e-01
+3.679306e-02
+1.138064e-01
-1.508310e-01
+3.725136e-02
+1.135438e-01
-1.508413e-01
+3.727326e-02
+1.135956e-01
-1.507177e-01
+3.683043e-02
+1.139812e-01
-1.504493e-01
+3.589362e-02
+1.147162e-01
-1.500207e-01
+3.443253e-02
+1.158120e-01
-1.494104e-01
+3.241575e-02
+1.172748e-01
-1.485906e-01
+2.981083e-02
+1.191045e-01
-1.475259e-01
+2.658455e-02
+1.212936e-01
-1.461727e-01
+2.270340e-02
+1.238261e-01
-1.444781e-01
+1.813428e-02
+1.266757e-01
-1.423801e-01
+1.284561e-02
+1.298040e-01
-1.398060e-01
+6.808757e-03
+1.331592e-01
-1.366733e-01

eigenvalue = -2.945396e+00:
-1.387460e-01
+1.311692e-01
+1.474236e-02
-1.451057e-01
+1.224259e-01
+2.938335e-02
-1.501984e-01
+1.125688e-01
+4.382015e-02
-1.539746e-01
+1.016530e-01
+5.794717e-02
-1.563852e-01
+8.973772e-02
+7.165470e-02
-1.573815e-01
+7.688762e-02
+8.482772e-02
-1.569159e-01
+6.317466e-02
+9.734485e-02
-1.549424e-01
+4.867997e-02
+1.090775e-01
-1.514184e-01
+3.349597e-02
+1.198895e-01
-1.463063e-01
+1.772860e-02
+1.296366e-01
-1.395753e-01
+1.499620e-03
+1.381669e-01
-1.312048e-01
-1.505103e-02
+1.453216e-01
-1.211873e-01
-3.176303e-02
+1.509363e-01
-1.095320e-01
-4.845359e-02
+1.548433e-01
-9.626945e-02
-6.491569e-02
+1.568743e-01
-8.145602e-02
-8.091690e-02
+1.568648e-01
-6.517914e-02
-9.619880e-02
+1.546589e-01
-4.756272e-02
-1.104774e-01
+1.501157e-01
-2.877273e-02
-1.234447e-01
+1.431167e-01
-9.022545e-03
-1.347719e-01
+1.335753e-01
+1.142202e-02
-1.441145e-01
+1.214459e-01
+3.223863e-02
-1.511191e-01
+1.067363e-01
+5.304559e-02
-1.554337e-01
+8.951906e-02
+7.340106e-02
-1.567194e-01
+6.994446e-02
+9.280476e-02
-1.546666e-01
+4.825295e-02
+1.107032e-01
-1.490131e-01
+2.478685e-02
+1.264991e-01
-1.395654e-01

eigenvalue = -2.876084e+00:
-1.415068e-01
+1.239710e-01
+3.290083e-02
-1.527931e-01
+1.009439e-01
+6.437318e-02
-1.573261e-01
+7.341067e-02
+9.304078e-02
-1.548763e-01
+4.254942e-02
+1.176308e-01
-1.455006e-01
+9.690062e-03
+1.370229e-01
-1.295457e-01
-2.373218e-02
+1.502952e-01
-1.076422e-01
-5.622853e-02
+1.567660e-01
-8.069017e-02
-8.631271e-02
+1.560290e-01
-4.983387e-02
-1.125602e-01
+1.479822e-01
-1.642692e-02
-1.336693e-01
+1.328471e-01
+1.801302e-02
-1.485225e-01
+1.111780e-01
+5.185941e-02
-1.562457e-01
+8.385803e-02
+8.344157e-02
-1.562634e-01
+5.208265e-02
+1.111176e-01
-1.483471e-01
+1.732659e-02
+1.333539e-01
-1.326526e-01
-1.870482e-02
+1.488086e-01
-1.097443e-01
-5.414134e-02
+1.564162e-01
-8.060277e-02
-8.702991e-02
+1.554682e-01
-4.661038e-02
-1.154318e-01
+1.456863e-01
-9.514771e-03
-1.375324e-01
+1.272805e-01
+2.863442e-02
-1.517590e-01
+1.009884e-01
+6.557562e-02
-1.569014e-01
+6.808654e-02
+9.895208e-02
-1.522280e-01
+3.036977e-02
+1.264527e-01
-1.375882e-01
-9.907562e-03
+1.459721e-01
-1.134901e-01
-5.013209e-02
+1.557812e-01
-8.114459e-02
-8.747449e-02
+1.546993e-01
-4.246316e-02
-1.190730e-01
+1.422505e-01

eigenvalue = -2.805474e+00:
+1.440534e-01
-1.160304e-01
-5.059685e-02
+1.567820e-01
-7.567166e-02
-9.584203e-02
+1.528489e-01
-2.722804e-02
-1.309280e-01
+1.326225e-01
+2.418497e-02
-1.520850e-01
+9.818196e-02
+7.310315e-02
-1.569773e-01
+5.312258e-02
+1.142713e-01
-1.449638e-01
+2.206840e-03
+1.431911e-01
-1.171943e-01
-4.910926e-02
+1.566056e-01
-7.652737e-02
-9.523357e-02
+1.528726e-01
-2.727128e-02
-1.310275e-01
+1.321842e-01
+2.523436e-02
-1.523714e-01
+9.660406e-02
+7.516245e-02
-1.566464e-01
+4.990812e-02
+1.168195e-01
-1.430801e-01
-2.766393e-03
+1.452840e-01
-1.129089e-01
-5.544029e-02
+1.569964e-01
-6.932775e-02
-1.019362e-01
+1.502315e-01
-1.721662e-02
-1.365861e-01
+1.253936e-01
+3.734616e-02
-1.549283e-01
+8.508318e-02
+8.774526e-02
-1.543132e-01
+3.390726e-02
+1.276046e-01
-1.343361e-01
-2.196878e-02
+1.515962e-01
-9.702885e-02
-7.550116e-02
+1.561860e-01
-4.675935e-02
-1.196184e-01
+1.402143e-01
+1.018082e-02
-1.481525e-01
+1.052176e-01
+6.628201e-02
-1.567375e-01
+5.541645e-02
+1.137565e-01
-1.435482e-01
-2.669009e-03
+1.456113e-01
-1.097558e-01
-6.096981e-02
+1.567184e-01
-5.959785e-02
-1.109245e-01
+1.447240e-01

eigenvalue = -2.733672e+00:
-1.463822e-01
+1.073956e-01
+6.759171e-02
-1.569820e-01
+4.756622e-02
+1.220912e-01
-1.371143e-01
-2.153532e-02
+1.529058e-01
-9.057181e-02
-8.651102e-02
+1.539787e-01
-2.632360e-02
-1.346929e-01
+1.249830e-01
+4.316785e-02
-1.565867e-01
+7.143947e-02
+1.043147e-01
-1.477426e-01
+3.719604e-03
+1.450237e-01
-1.096914e-01
-6.489993e-02
+1.570788e-01
-4.974578e-02
-1.207867e-01
+1.378267e-01
+2.032591e-02
-1.526351e-01
+9.082062e-02
+8.653465e-02
-1.537684e-01
+2.525998e-02
+1.354139e-01
-1.235980e-01
-4.571012e-02
+1.567527e-01
-6.791493e-02
-1.075552e-01
+1.457760e-01
+2.097481e-03
-1.472923e-01
+1.043063e-01
+7.199683e-02
-1.562395e-01
+4.061612e-02
+1.269876e-01
-1.319996e-01
-3.207547e-02
+1.550436e-01
-7.921703e-02
-9.823019e-02
+1.496035e-01
-8.870048e-03
-1.432594e-01
+1.112364e-01
+6.385174e-02
-1.567731e-01
+4.784114e-02
+1.227234e-01
-1.350958e-01
-2.677349e-02
+1.540909e-01
-8.243071e-02
-9.573708e-02
+1.501278e-01
-1.029878e-02
-1.428622e-01
+1.109660e-01
+6.476454e-02
-1.564915e-01
+4.510296e-02
+1.248661e-01
-1.325450e-01
-3.216702e-02
+1.550123e-01
-7.595790e-02
-1.021016e-01
+1.469821e-01

eigenvalue = -2.660786e+00:
-1.484897e-01
+9.811903e-02
+8.365642e-02
-1.533934e-01
+1.768886e-02
+1.417076e-01
-1.112961e-01
-6.819788e-02
+1.563337e-01
-3.502808e-02
-1.332090e-01
+1.229525e-01
+5.207168e-02
-1.573071e-01
+5.168668e-02
+1.232241e-01
-1.329192e-01
-3.562721e-02
+1.563907e-01
-6.736941e-02
-1.120383e-01
+1.411015e-01
+1.921671e-02
-1.537377e-01
+8.183113e-02
+9.997661e-02
-1.474822e-01
-3.177870e-03
+1.495669e-01
-9.488701e-02
-8.738757e-02
+1.521195e-01
-1.218121e-02
-1.441512e-01
+1.064184e-01
+7.462619e-02
-1.551407e-01
+2.659377e-02
+1.378020e-01
-1.163736e-01
-6.203916e-02
+1.567324e-01
-3.984186e-02
-1.308546e-01
+1.247643e-01
+4.995239e-02
-1.571277e-01
+5.175929e-02
+1.236529e-01
-1.316574e-01
-3.866223e-02
+1.565918e-01
-6.222997e-02
-1.165368e-01
+1.371641e-01
+2.843029e-02
-1.554069e-01
+7.118211e-02
+1.098306e-01
-1.414258e-01
-1.948241e-02
+1.538575e-01
-7.857877e-02
-1.038352e-01
+1.445986e-01
+1.201100e-02
-1.522164e-01
+8.440563e-02
+9.882177e-02
-1.468373e-01
-6.180286e-03
+1.507312e-01
-8.865693e-02
-9.502828e-02
+1.482778e-01
+2.133377e-03
-1.496123e-01
+9.132035e-02
+9.265638e-02
-1.490209e-01

eigenvalue = -2.586926e+00:
-1.503730e-01
+8.825697e-02
+9.857479e-02
-1.461077e-01
-1.283456e-02
+1.536387e-01
-7.730633e-02
-1.082886e-01
+1.408216e-01
+2.570629e-02
-1.558936e-01
+6.567678e-02
+1.174038e-01
-1.344632e-01
-3.864446e-02
+1.570917e-01
-5.331162e-02
-1.258956e-01
+1.269544e-01
+5.166210e-02
-1.571503e-01
+4.015103e-02
+1.337030e-01
-1.181937e-01
-6.474710e-02
+1.559488e-01
-2.614064e-02
-1.407223e-01
+1.080617e-01
+7.785211e-02
-1.533280e-01
+1.124180e-02
+1.468000e-01
-9.642799e-02
-9.088349e-02
+1.490912e-01
+4.555952e-03
-1.517271e-01
+8.316099e-02
+1.036889e-01
-1.430073e-01
-2.121973e-02
+1.552335e-01
-6.814103e-02
-1.160440e-01
+1.348177e-01
+3.865516e-02
-1.569849e-01
+5.127830e-02
+1.276389e-01
-1.242475e-01
-5.668495e-02
+1.565829e-01
-3.253617e-02
-1.380650e-01
+1.110239e-01
+7.502479e-02
-1.535719e-01
+1.196100e-02
+1.468055e-01
-9.490298e-02
-9.325737e-02
+1.474527e-01
+1.028149e-02
-1.532304e-01
+7.570654e-02
+1.108068e-01
-1.377094e-01
-3.386359e-02
+1.566019e-01
-5.337198e-02
-1.269168e-01
+1.238516e-01
+5.824881e-02
-1.560947e-01
+2.801428e-02
+1.406389e-01
-1.054753e-01
-8.264495e-02
+1.508373e-01

eigenvalue = -2.512204e+00:
+1.520293e-01
-7.786909e-02
-1.121463e-01
+1.353047e-01
+4.285590e-02
-1.572492e-01
+3.765324e-02
+1.379743e-01
-1.082704e-01
-8.257122e-02
+1.505134e-01
+5.588712e-03
-1.533710e-01
+7.281051e-02
+1.161642e-01
-1.321509e-01
-4.868220e-02
+1.570004e-01
-3.142390e-02
-1.409741e-01
+1.032876e-01
+8.834745e-02
-1.482788e-01
-1.287666e-02
+1.548291e-01
-6.583745e-02
-1.213782e-01
+1.274684e-01
+5.669766e-02
-1.562185e-01
+2.246090e-02
+1.448455e-01
-9.574708e-02
-9.643915e-02
+1.444639e-01
+2.352306e-02
-1.563267e-01
+5.524334e-02
+1.285171e-01
-1.198786e-01
-6.828421e-02
+1.541542e-01
-9.016366e-03
-1.496377e-01
+8.389519e-02
+1.077020e-01
-1.376712e-01
-3.904031e-02
+1.571194e-01
-3.913695e-02
-1.376698e-01
+1.074689e-01
+8.439544e-02
-1.492513e-01
-1.060170e-02
+1.544860e-01
-6.557302e-02
-1.221981e-01
+1.256572e-01
+6.050271e-02
-1.553190e-01
+1.552882e-02
+1.477290e-01
-8.762153e-02
-1.050370e-01
+1.387163e-01
+3.766981e-02
-1.569800e-01
+3.831059e-02
+1.384692e-01
-1.050985e-01
-8.786731e-02
+1.473275e-01
+1.719212e-02
-1.555594e-01
+5.715133e-02
+1.282988e-01
-1.182289e-01
-7.212679e-02
+1.524281e-01

eigenvalue = -2.436731e+00:
-1.534563e-01
+6.701819e-02
+1.241890e-01
-1.212486e-01
-7.124779e-02
+1.523538e-01
+4.743569e-03
-1.544241e-01
+6.263798e-02
+1.270991e-01
-1.180686e-01
-7.562193e-02
+1.510287e-01
+9.818627e-03
-1.553050e-01
+5.779487e-02
+1.301544e-01
-1.144080e-01
-8.041487e-02
+1.493507e-01
+1.555299e-02
-1.561014e-01
+5.216072e-02
+1.334894e-01
-1.099909e-01
-8.587204e-02
+1.471400e-01
+2.226538e-02
-1.567576e-01
+4.539179e-02
+1.371826e-01
-1.045000e-01
-9.219662e-02
+1.441530e-01
+3.025648e-02
-1.571410e-01
+3.713026e-02
+1.412349e-01
-9.756857e-02
-9.952845e-02
+1.400649e-01
+3.979321e-02
-1.570159e-01
+2.701051e-02
+1.455383e-01
-8.877486e-02
-1.079128e-01
+1.344504e-01
+5.108272e-02
-1.560121e-01
+1.467474e-02
+1.498359e-01
-7.764264e-02
-1.172566e-01
+1.267677e-01
+6.423109e-02
-1.535914e-01
-1.952991e-04
+1.536726e-01
-6.365702e-02
-1.272688e-01
+1.163521e-01
+7.918096e-02
-1.490169e-01
-1.782187e-02
+1.563412e-01
-4.630526e-02
-1.373855e-01
+1.024328e-01
+9.562317e-02
-1.413378e-01
-3.824032e-02
+1.568299e-01
-2.515696e-02
-1.466830e-01
+8.418770e-02
+1.128802e-01
-1.294057e-01
-6.116461e-02
+1.537909e-01

eigenvalue = -2.360621e+00:
-1.546519e-01
+5.576982e-02
+1.345415e-01
-1.042810e-01
-9.694571e-02
+1.392269e-01
+4.676811e-02
-1.560785e-01
+9.456202e-03
+1.526730e-01
-6.442026e-02
-1.294892e-01
+1.110032e-01
+8.957350e-02
-1.431982e-01
-3.812960e-02
+1.568891e-01
-1.817150e-02
-1.503719e-01
+7.206786e-02
+1.245585e-01
-1.166514e-01
-8.283570e-02
+1.462566e-01
+3.060608e-02
-1.571771e-01
+2.542756e-02
+1.481204e-01
-7.813496e-02
-1.203439e-01
+1.208732e-01
+7.746266e-02
-1.483243e-01
-2.495852e-02
+1.571490e-01
-3.053910e-02
-1.463772e-01
+8.210413e-02
+1.174915e-01
-1.233846e-01
-7.420000e-02
+1.493822e-01
+2.193612e-02
-1.570456e-01
+3.284424e-02
+1.456067e-01
-8.347474e-02
-1.166282e-01
+1.238951e-01
+7.376254e-02
-1.493712e-01
-2.226475e-02
+1.570333e-01
-3.167553e-02
-1.461735e-01
+8.169304e-02
+1.182752e-01
-1.220028e-01
-7.678055e-02
+1.480620e-01
+2.663588e-02
-1.570632e-01
+2.632362e-02
+1.482073e-01
-7.606934e-02
-1.227345e-01
+1.170706e-01
+8.372037e-02
-1.449018e-01
-3.567164e-02
+1.567001e-01
-1.602186e-02
-1.514286e-01
+6.571049e-02
+1.299258e-01
-1.081089e-01
-9.474639e-02
+1.388516e-01
+4.982381e-02
-1.549234e-01

eigenvalue = -2.283989e+00:
-1.556144e-01
+4.419184e-02
+1.430655e-01
-8.481302e-02
-1.189878e-01
+1.185861e-01
+8.533670e-02
-1.427953e-01
-4.484012e-02
+1.555073e-01
+7.725735e-04
-1.557261e-01
+4.331521e-02
+1.434697e-01
-8.388759e-02
-1.197616e-01
+1.177117e-01
+8.654019e-02
-1.421172e-01
-4.649326e-02
+1.552074e-01
+2.833360e-03
-1.560037e-01
+4.096683e-02
+1.445134e-01
-8.145639e-02
-1.217164e-01
+1.154815e-01
+8.947286e-02
-1.404321e-01
-5.036224e-02
+1.544394e-01
+7.467319e-03
-1.565104e-01
+3.587687e-02
+1.465897e-01
-7.634850e-02
-1.255448e-01
+1.108966e-01
+9.507973e-02
-1.369707e-01
-5.758528e-02
+1.527050e-01
+1.594013e-02
-1.570437e-01
+2.671974e-02
+1.498003e-01
-6.724395e-02
-1.316483e-01
+1.027035e-01
+1.040470e-01
-1.306018e-01
-6.911051e-02
+1.490449e-01
+2.943308e-02
-1.568608e-01
+1.211463e-02
+1.536603e-01
-5.260104e-02
-1.398385e-01
+8.924449e-02
+1.165186e-01
-1.196038e-01
-8.544657e-02
+1.417360e-01
+4.884599e-02
-1.543105e-01
-9.246646e-03
+1.566758e-01
-3.069987e-02
-1.488744e-01
+6.840320e-02
+1.316106e-01
-1.015033e-01
-1.061735e-01
+1.280143e-01
+7.432672e-02
-1.464356e-01
-3.817220e-02
+1.558236e-01

eigenvalue = -2.206950e+00:
+1.563426e-01
-3.235408e-02
-1.496477e-01
+6.331540e-02
+1.365508e-01
-9.155372e-02
-1.176239e-01
+1.158608e-01
+9.369174e-02
-1.352040e-01
-6.579375e-02
+1.487714e-01
+3.513617e-02
-1.560067e-01
-3.037075e-03
+1.566310e-01
-2.913319e-02
-1.506532e-01
+6.001323e-02
+1.383656e-01
-8.831051e-02
-1.203272e-01
+1.128571e-01
+9.733546e-02
-1.326588e-01
-7.038725e-02
+1.469354e-01
+4.063208e-02
-1.551500e-01
-9.319356e-03
+1.570275e-01
-2.225741e-02
-1.525602e-01
+5.281680e-02
+1.420021e-01
-8.114355e-02
-1.258506e-01
+1.061379e-01
+1.048198e-01
-1.268583e-01
-7.980395e-02
+1.425558e-01
+5.183519e-02
-1.526988e-01
-2.203655e-02
+1.569872e-01
-8.426677e-03
-1.553568e-01
+3.839546e-02
+1.479729e-01
-6.676305e-02
-1.352150e-01
+9.251668e-02
+1.176531e-01
-1.147733e-01
-9.601748e-02
+1.328083e-01
+7.116351e-02
-1.460761e-01
-4.403320e-02
+1.542223e-01
+1.561557e-02
-1.570880e-01
+1.309258e-02
+1.547054e-01
-4.112387e-02
-1.472870e-01
+6.757393e-02
+1.352076e-01
-9.163054e-02
-1.189820e-01
+1.125971e-01
+9.923868e-02
-1.299104e-01
-7.669086e-02
+1.431515e-01
+5.210667e-02
-1.520515e-01
-2.627956e-02
+1.564901e-01

eigenvalue = -2.129619e+00:
+1.568353e-01
-2.032787e-02
-1.542009e-01
+4.030677e-02
+1.489803e-01
-5.959473e-02
-1.412688e-01
+7.786364e-02
+1.312066e-01
-9.480571e-02
-1.189758e-01
+1.101395e-01
+1.047963e-01
-1.236151e-01
-8.892118e-02
+1.350190e-01
+7.163090e-02
-1.441775e-01
-5.322756e-02
+1.509596e-01
+3.402848e-02
-1.552789e-01
-1.435959e-02
+1.570938e-01
-5.451078e-03
-1.564080e-01
+2.507991e-02
+1.532687e-01
-4.421385e-02
-1.477644e-01
+6.255613e-02
+1.400225e-01
-7.983154e-02
-1.302048e-01
+9.579090e-02
+1.185039e-01
-1.102149e-01
-1.051378e-01
+1.229172e-01
+9.034525e-02
-1.337464e-01
-7.437989e-02
+1.425875e-01
+5.750519e-02
-1.493625e-01
-3.998896e-02
+1.540300e-01
+2.209816e-02
-1.565839e-01
-4.094000e-03
+1.570522e-01
-1.377250e-02
-1.554940e-01
+3.126457e-02
+1.519974e-01
-4.816312e-02
-1.466753e-01
+6.426968e-02
+1.396629e-01
-7.940865e-02
-1.311129e-01
+9.342899e-02
+1.211923e-01
-1.062053e-01
-1.100782e-01
+1.176380e-01
+9.795417e-02
-1.276540e-01
-8.500647e-02
+1.362050e-01
+7.142064e-02
-1.432675e-01
-5.737842e-02
+1.488407e-01
+4.305492e-02
-1.529449e-01
-2.861620e-02
+1.556197e-01
+1.421717e-02
-1.569216e-01

eigenvalue = -2.052113e+00:
-1.570920e-01
+8.185625e-03
+1.566656e-01
-1.634140e-02
-1.558156e-01
+2.443772e-02
+1.545474e-01
-3.244553e-02
-1.528692e-01
+4.033656e-02
+1.507918e-01
-4.808358e-02
-1.483282e-01
+5.566063e-02
+1.454940e-01
-6.304323e-02
-1.423070e-01
+7.020859e-02
+1.387869e-01
-7.713578e-02
-1.349552e-01
+8.380590e-02
+1.308351e-01
-9.020219e-02
-1.264511e-01
+9.631015e-02
+1.218290e-01
-1.021176e-01
-1.169954e-01
+1.076148e-01
+1.119777e-01
-1.127942e-01
-1.068038e-01
+1.176510e-01
+1.015018e-01
-1.221826e-01
-9.609987e-02
+1.263886e-01
+9.062601e-02
-1.302710e-01
-8.510789e-02
+1.338341e-01
+7.957267e-02
-1.370839e-01
-7.404679e-02
+1.400285e-01
+6.855587e-02
-1.426779e-01
-6.312460e-02
+1.450435e-01
+5.777659e-02
-1.471383e-01
-5.253434e-02
+1.489764e-01
+4.741916e-02
-1.505730e-01
-4.245111e-02
+1.519444e-01
+3.764902e-02
-1.531074e-01
-3.303046e-02
+1.540794e-01
+2.861179e-02
-1.548782e-01
-2.440817e-02
+1.555214e-01
+2.043360e-02
-1.560271e-01
-1.670104e-02
+1.564127e-01
+1.322245e-02
-1.566954e-01
-1.000889e-02
+1.568918e-01
+7.070592e-03
-1.570178e-01
-4.417121e-03
+1.570883e-01
+2.057432e-03
-1.571172e-01

eigenvalue = -1.974549e+00:
-1.571123e-01
-3.999565e-03
+1.570104e-01
+8.004193e-03
-1.568059e-01
-1.201890e-02
+1.564974e-01
+1.604861e-02
-1.560827e-01
-2.009809e-02
+1.555589e-01
+2.417192e-02
-1.549225e-01
-2.827442e-02
+1.541691e-01
+3.240960e-02
-1.532937e-01
-3.658111e-02
+1.522904e-01
+4.079218e-02
-1.511528e-01
-4.504550e-02
+1.498734e-01
+4.934323e-02
-1.484443e-01
-5.368687e-02
+1.468567e-01
+5.807716e-02
-1.451010e-01
-6.251404e-02
+1.431670e-01
+6.699653e-02
-1.410436e-01
-7.152260e-02
+1.387192e-01
+7.608910e-02
-1.361815e-01
-8.069162e-02
+1.334175e-01
+8.532436e-02
-1.304136e-01
-8.998000e-02
+1.271559e-01
+9.464958e-02
-1.236299e-01
-9.932234e-02
+1.198207e-01
+1.039855e-01
-1.157136e-01
-1.086243e-01
+1.112934e-01
+1.132216e-01
-1.065454e-01
-1.177579e-01
+1.014549e-01
+1.222111e-01
-9.600798e-02
-1.265563e-01
+9.019150e-02
+1.307658e-01
-8.399339e-02
-1.348089e-01
+7.740312e-02
+1.386518e-01
-7.041195e-02
-1.422575e-01
+6.301349e-02
+1.455858e-01
-5.520405e-02
-1.485931e-01
+4.698327e-02
+1.512328e-01
-3.835459e-02
-1.534551e-01
+2.932594e-02
+1.552071e-01
-1.991033e-02
-1.564336e-01
+1.012658e-02
+1.570766e-01

eigenvalue = -1.897044e+00:
-1.568964e-01
-1.615442e-02
+1.552328e-01
+3.214512e-02
-1.519201e-01
-4.780940e-02
+1.469873e-01
+6.298657e-02
-1.404779e-01
-7.751902e-02
+1.324496e-01
+9.125324e-02
-1.229743e-01
-1.040409e-01
+1.121384e-01
+1.157401e-01
-1.000416e-01
-1.262163e-01
+8.679749e-02
+1.353436e-01
-7.253296e-02
-1.430064e-01
+5.738758e-02
+1.490999e-01
-4.151323e-02
-1.535321e-01
+2.507339e-02
+1.562250e-01
-8.242330e-03
-1.571158e-01
-8.795820e-03
+1.561587e-01
+2.584823e-02
-1.533259e-01
-4.271468e-02
+1.486091e-01
+5.918912e-02
-1.420212e-01
-7.506138e-02
+1.335971e-01
+9.011923e-02
-1.233952e-01
-1.041506e-01
+1.114982e-01
+1.169460e-01
-9.801411e-02
-1.283016e-01
+8.307676e-02
+1.380219e-01
-6.684618e-02
-1.459229e-01
+4.950855e-02
+1.518363e-01
-3.127579e-02
-1.556124e-01
+1.238467e-02
+1.571242e-01
+6.904559e-03
-1.562718e-01
-2.631017e-02
+1.529855e-01
+4.553155e-02
-1.472307e-01
-6.425249e-02
+1.390110e-01
+8.214522e-02
-1.283721e-01
-9.887520e-02
+1.154049e-01
+1.141066e-01
-1.002482e-01
-1.275087e-01
+8.309044e-02
+1.387629e-01
-6.417131e-02
-1.475704e-01
+4.378145e-02
+1.536606e-01
-2.226157e-02
-1.567996e-01

eigenvalue = -1.819713e+00:
-1.564445e-01
-2.820586e-02
+1.513587e-01
+5.550216e-02
-1.413470e-01
-8.100672e-02
+1.267247e-01
+1.038914e-01
-1.079539e-01
-1.234074e-01
+8.562995e-02
+1.389085e-01
-6.046461e-02
-1.498718e-01
+3.326559e-02
+1.559148e-01
-4.912848e-03
-1.568092e-01
-2.366754e-02
+1.524901e-01
+5.153139e-02
-1.430611e-01
-7.774559e-02
+1.287939e-01
+1.014177e-01
-1.101231e-01
-1.217253e-01
+8.763665e-02
+1.379440e-01
-6.205987e-02
-1.494731e-01
+3.423608e-02
+1.558591e-01
-5.101927e-03
-1.568149e-01
-2.434091e-02
+1.522342e-01
+5.305735e-02
-1.422016e-01
-8.001307e-02
+1.269958e-01
+1.042103e-01
-1.070873e-01
-1.247239e-01
+8.312909e-02
+1.407372e-01
-5.594043e-02
-1.515759e-01
+2.648413e-02
+1.567384e-01
+4.162698e-03
-1.559219e-01
-3.484380e-02
+1.490433e-01
+6.436402e-02
-1.362523e-01
-9.153354e-02
+1.179369e-01
+1.152148e-01
-9.472001e-02
-1.343705e-01
+6.744650e-02
+1.481108e-01
-3.716013e-02
-1.557383e-01
+5.071001e-03
+1.567872e-01
+2.748660e-02
-1.510568e-01
-5.910477e-02
+1.386354e-01
+8.835961e-02
-1.199127e-01
-1.138741e-01
+9.558094e-02
+1.343839e-01
-6.662106e-02
-1.488030e-01
+3.427444e-02
+1.562863e-01

eigenvalue = -1.742674e+00:
+1.557576e-01
+4.008150e-02
-1.454426e-01
-7.751570e-02
+1.254882e-01
+1.098263e-01
-9.720290e-02
-1.348682e-01
+6.244514e-02
+1.509678e-01
-2.350509e-02
-1.570336e-01
-1.704166e-02
+1.526308e-01
+5.649998e-02
-1.380143e-01
-9.223012e-02
+1.141186e-01
+1.218213e-01
-8.250264e-02
-1.432526e-01
+4.525482e-02
+1.550314e-01
-4.861154e-03
-1.562993e-01
-3.595436e-02
+1.468992e-01
+7.440828e-02
-1.273963e-01
-1.078439e-01
+9.905346e-02
+1.339133e-01
-6.375801e-02
-1.507432e-01
+2.390539e-02
+1.570733e-01
+1.775478e-02
-1.523563e-01
-5.830136e-02
+1.368132e-01
+9.484157e-02
-1.114360e-01
-1.247154e-01
+7.793753e-02
+1.456907e-01
-3.864881e-02
-1.561347e-01
-3.631494e-03
+1.551492e-01
+4.582655e-02
-1.426583e-01
-8.479848e-02
+1.194395e-01
+1.175789e-01
-8.709306e-02
-1.415964e-01
+4.794938e-02
+1.548848e-01
-4.916875e-03
-1.562544e-01
-3.872097e-02
+1.454121e-01
+7.954713e-02
-1.230177e-01
-1.142748e-01
+9.066822e-02
+1.400140e-01
-5.080704e-02
-1.545203e-01
+6.559781e-03
+1.564042e-01
+3.849395e-02
-1.452821e-01
-8.059895e-02
+1.218511e-01
+1.161332e-01
-8.787743e-02
-1.419228e-01
+4.609274e-02
+1.555375e-01

eigenvalue = -1.666041e+00:
-1.548367e-01
-5.171001e-02
+1.375664e-01
+9.765907e-02
-1.049428e-01
-1.327216e-01
+6.059012e-02
+1.529743e-01
-9.443312e-03
-1.561327e-01
-4.279375e-02
+1.418098e-01
+9.027685e-02
-1.115680e-01
-1.276693e-01
+6.875659e-02
+1.507385e-01
-1.815057e-02
-1.568359e-01
-3.457131e-02
+1.452062e-01
+8.345458e-02
-1.170895e-01
-1.229353e-01
+7.560249e-02
+1.484715e-01
-2.540725e-02
-1.570694e-01
-2.779819e-02
+1.476434e-01
+7.791510e-02
-1.211665e-01
-1.191361e-01
+8.058893e-02
+1.466175e-01
-3.052974e-02
-1.570544e-01
-2.323077e-02
+1.490917e-01
+7.440378e-02
-1.235182e-01
-1.169196e-01
+8.321443e-02
+1.456479e-01
-3.285496e-02
-1.570257e-01
-2.161085e-02
+1.495175e-01
+7.364375e-02
-1.238455e-01
-1.168907e-01
+8.295531e-02
+1.459619e-01
-3.171041e-02
-1.571156e-01
-2.365728e-02
+1.487627e-01
+7.628457e-02
-1.217223e-01
-1.195180e-01
+7.918503e-02
+1.477589e-01
-2.637685e-02
-1.572060e-01
-3.004917e-02
+1.463968e-01
+8.282750e-02
-1.164690e-01
-1.250067e-01
+7.109346e-02
+1.508728e-01
-1.607138e-02
-1.567479e-01
-4.136852e-02
+1.415514e-01
+9.349516e-02
-1.070355e-01
-1.331096e-01
+5.764514e-02
+1.545541e-01

eigenvalue = -1.589931e+00:
+1.536833e-01
+6.302165e-02
-1.278386e-01
-1.154513e-01
+8.048437e-02
+1.484676e-01
-1.956985e-02
-1.564985e-01
-4.466633e-02
+1.381602e-01
+1.014057e-01
-9.650204e-02
-1.410629e-01
+3.851122e-02
+1.569012e-01
+2.604426e-02
-1.461806e-01
-8.624589e-02
+1.106435e-01
+1.318608e-01
-5.624992e-02
-1.550784e-01
-7.800468e-03
+1.518545e-01
+7.060451e-02
-1.226328e-01
-1.213978e-01
+7.231181e-02
+1.513962e-01
-9.452712e-03
-1.553243e-01
-5.515096e-02
+1.323644e-01
+1.103082e-01
-8.635299e-02
-1.463638e-01
+2.517732e-02
+1.568984e-01
+4.054305e-02
-1.398970e-01
-9.927506e-02
+9.816998e-02
+1.405873e-01
-3.893476e-02
-1.570127e-01
-2.738967e-02
+1.454277e-01
+8.898358e-02
-1.076884e-01
-1.347196e-01
+5.039083e-02
+1.561823e-01
+1.622937e-02
-1.492493e-01
-8.008514e-02
+1.149319e-01
+1.294125e-01
-5.930049e-02
-1.549460e-01
-7.526318e-03
+1.516945e-01
+7.317274e-02
-1.199738e-01
-1.252733e-01
+6.547482e-02
+1.538090e-01
+1.682122e-03
-1.530732e-01
-6.876790e-02
+1.228776e-01
+1.228269e-01
-6.873524e-02
-1.531855e-01
+9.418446e-04
+1.536031e-01
+6.731358e-02
-1.236295e-01
-1.224790e-01
+6.886175e-02
+1.533372e-01

eigenvalue = -1.514458e+00:
-1.522993e-01
-7.394858e-02
+1.163924e-01
+1.304683e-01
-5.303183e-02
-1.562256e-01
-2.285648e-02
+1.451210e-01
+9.337538e-02
-9.973721e-02
-1.418628e-01
+3.075227e-02
+1.568213e-01
+4.555257e-02
-1.346492e-01
-1.111151e-01
+8.052474e-02
+1.503551e-01
-7.224091e-03
-1.538785e-01
-6.786561e-02
+1.207445e-01
+1.268484e-01
-5.874521e-02
-1.555779e-01
-1.738717e-02
+1.470641e-01
+8.944653e-02
-1.032065e-01
-1.400868e-01
+3.441990e-02
+1.570007e-01
+4.279065e-02
-1.359400e-01
-1.097533e-01
+8.183053e-02
+1.501320e-01
-7.682161e-03
-1.539296e-01
-6.848446e-02
+1.200095e-01
+1.279840e-01
-5.649153e-02
-1.560498e-01
-2.111901e-02
+1.455349e-01
+9.365974e-02
-9.879783e-02
-1.430180e-01
+2.726314e-02
+1.566709e-01
+5.129151e-02
-1.309212e-01
-1.171013e-01
+7.198183e-02
+1.533790e-01
+5.422517e-03
-1.506387e-01
-8.165335e-02
+1.092597e-01
+1.371015e-01
-3.958099e-02
-1.572473e-01
-4.057415e-02
+1.365337e-01
+1.103838e-01
-8.000629e-02
-1.514198e-01
+2.217012e-03
+1.525606e-01
+7.641504e-02
-1.131094e-01
-1.349092e-01
+4.322234e-02
+1.573384e-01
+3.856773e-02
-1.372541e-01
-1.101716e-01
+7.967468e-02
+1.518885e-01

eigenvalue = -1.439736e+00:
-1.506868e-01
-8.442533e-02
+1.033842e-01
+1.423535e-01
-2.361475e-02
-1.555876e-01
-6.358957e-02
+1.199416e-01
+1.308354e-01
-4.657463e-02
-1.569579e-01
-4.147906e-02
+1.336822e-01
+1.165142e-01
-6.826427e-02
-1.548538e-01
-1.873650e-02
+1.443234e-01
+9.988086e-02
-8.814394e-02
-1.494797e-01
+3.993905e-03
+1.517291e-01
+8.150386e-02
-1.057792e-01
-1.411712e-01
+2.610420e-02
+1.559125e-01
+6.199324e-02
-1.208621e-01
-1.303711e-01
+4.705596e-02
+1.570286e-01
+4.196413e-02
-1.332219e-01
-1.175985e-01
+6.640645e-02
+1.553580e-01
+2.200277e-02
-1.428266e-01
-1.034166e-01
+8.382607e-02
+1.512829e-01
+2.637677e-03
-1.497739e-01
-8.839972e-02
+9.910633e-02
+1.452602e-01
-1.568182e-02
-1.542757e-01
-7.310474e-02
+1.121585e-01
+1.377921e-01
-3.259873e-02
-1.566355e-01
-5.804729e-02
+1.230039e-01
+1.293984e-01
-4.785273e-02
-1.572242e-01
-4.368509e-02
+1.317579e-01
+1.205922e-01
-6.127642e-02
-1.564533e-01
-3.040877e-02
+1.386088e-01
+1.118598e-01
-7.278438e-02
-1.547509e-01
-1.853997e-02
+1.437938e-01
+1.036471e-01
-8.235666e-02
-1.525381e-01
-8.336059e-03
+1.475742e-01
+9.635094e-02
-9.001832e-02
-1.502101e-01

eigenvalue = -1.365876e+00:
+1.488483e-01
+9.438922e-02
-8.899157e-02
-1.508258e-01
-6.665412e-03
+1.465981e-01
+9.965896e-02
-8.337217e-02
-1.525598e-01
-1.344500e-02
+1.440258e-01
+1.048815e-01
-7.742586e-02
-1.540588e-01
-2.045065e-02
+1.410625e-01
+1.101220e-01
-7.103753e-02
-1.553089e-01
-2.778939e-02
+1.376192e-01
+1.154270e-01
-6.408354e-02
-1.562706e-01
-3.556019e-02
+1.335856e-01
+1.208206e-01
-5.643336e-02
-1.568760e-01
-4.384986e-02
+1.288292e-01
+1.262983e-01
-4.795190e-02
-1.570242e-01
-5.272755e-02
+1.231946e-01
+1.318216e-01
-3.850311e-02
-1.565763e-01
-6.223761e-02
+1.165028e-01
+1.373088e-01
-2.795531e-02
-1.553511e-01
-7.239017e-02
+1.085530e-01
+1.426266e-01
-1.618923e-02
-1.531200e-01
-8.314923e-02
+9.912577e-02
+1.475791e-01
-3.109401e-03
-1.496041e-01
-9.441780e-02
+8.799025e-02
+1.518968e-01
+1.133994e-02
-1.444733e-01
-1.060200e-01
+7.491656e-02
+1.552259e-01
+2.715373e-02
-1.373501e-01
-1.176806e-01
+5.969472e-02
+1.571197e-01
+4.423871e-02
-1.278198e-01
-1.290024e-01
+4.216250e-02
+1.570345e-01
+6.237989e-02
-1.154512e-01
-1.394446e-01
+2.224396e-02
+1.543334e-01
+8.120122e-02
-9.982982e-02
-1.483041e-01

eigenvalue = -1.292990e+00:
-1.467869e-01
-1.037807e-01
+7.341039e-02
+1.556866e-01
+3.667672e-02
-1.297502e-01
-1.284398e-01
+3.890356e-02
+1.559602e-01
+7.143887e-02
-1.054087e-01
-1.460416e-01
+2.027612e-03
+1.474772e-01
+1.024165e-01
-7.492729e-02
-1.555078e-01
-3.529222e-02
+1.304861e-01
+1.278344e-01
-3.979420e-02
-1.560762e-01
-7.101379e-02
+1.056398e-01
+1.460731e-01
-1.808037e-03
-1.473589e-01
-1.030311e-01
+7.402242e-02
+1.557452e-01
+3.694552e-02
-1.294079e-01
-1.292460e-01
+3.717155e-02
+1.557887e-01
+7.413606e-02
-1.027880e-01
-1.476661e-01
-2.913374e-03
+1.455793e-01
+1.072594e-01
-6.864656e-02
-1.565315e-01
-4.378726e-02
+1.250566e-01
+1.337474e-01
-2.877046e-02
-1.544759e-01
-8.261539e-02
+9.485669e-02
+1.511258e-01
+1.438718e-02
-1.407167e-01
-1.162851e-01
+5.643470e-02
+1.572258e-01
+5.773149e-02
-1.152655e-01
-1.415893e-01
+1.215560e-02
+1.504503e-01
+9.762727e-02
-7.913888e-02
-1.554942e-01
-3.468002e-02
+1.300818e-01
+1.301037e-01
-3.453654e-02
-1.554950e-01
-7.991335e-02
+9.660816e-02
+1.511853e-01
+1.505957e-02
-1.400488e-01
-1.187510e-01
+5.201828e-02
+1.573602e-01
+6.492504e-02
-1.090494e-01
-1.461733e-01

eigenvalue = -1.221188e+00:
-1.445056e-01
-1.125436e-01
+5.685255e-02
+1.568241e-01
+6.529928e-02
-1.059583e-01
-1.478442e-01
-9.228658e-03
+1.406532e-01
+1.188405e-01
-4.802630e-02
-1.562794e-01
-7.382317e-02
+9.870895e-02
+1.508168e-01
+1.895591e-02
-1.360242e-01
-1.251328e-01
+3.832202e-02
+1.550628e-01
+8.282093e-02
-9.033823e-02
-1.534440e-01
-2.966068e-02
+1.302397e-01
+1.315892e-01
-2.721414e-02
-1.529049e-01
-9.260088e-02
+8.031141e-02
+1.555890e-01
+4.177478e-02
-1.227935e-01
-1.382231e-01
+1.416954e-02
+1.493644e-01
+1.033374e-01
-6.802147e-02
-1.569122e-01
-5.563865e-02
+1.130374e-01
+1.448320e-01
+1.317107e-03
-1.437913e-01
-1.150007e-01
+5.280764e-02
+1.568092e-01
+7.142907e-02
-1.001760e-01
-1.509137e-01
-1.965758e-02
+1.352925e-01
+1.272553e-01
-3.400519e-02
-1.543435e-01
-8.904585e-02
+8.329106e-02
+1.555638e-01
+4.105434e-02
-1.227189e-01
-1.393227e-01
+1.105206e-02
+1.481892e-01
+1.079453e-01
-6.142452e-02
-1.573656e-01
-6.531287e-02
+1.047117e-01
+1.498155e-01
+1.631499e-02
-1.366218e-01
-1.269165e-01
+3.376651e-02
+1.543113e-01
+9.156473e-02
-7.985954e-02
-1.565725e-01
-4.774061e-02
+1.176207e-01
+1.438204e-01

eigenvalue = -1.150577e+00:
-1.420081e-01
-1.206257e-01
+3.954289e-02
+1.542165e-01
+9.146715e-02
-7.650831e-02
-1.564718e-01
-5.644916e-02
+1.085006e-01
+1.486656e-01
+1.786997e-02
-1.334733e-01
-1.313624e-01
+2.175576e-02
+1.498682e-01
+1.057513e-01
-5.987564e-02
-1.567165e-01
-7.355245e-02
+9.407747e-02
+1.536934e-01
+3.688642e-02
-1.222524e-01
-1.411247e-01
+1.882345e-03
+1.427307e-01
+1.199446e-01
-4.031398e-02
-1.543809e-01
-9.161223e-02
+7.606075e-02
+1.566656e-01
+5.799260e-02
-1.070203e-01
-1.496523e-01
-2.121542e-02
+1.314639e-01
+1.339810e-01
-1.647783e-02
-1.481305e-01
-1.107925e-01
+5.288536e-02
+1.562833e-01
+8.162692e-02
-8.598407e-02
-1.557253e-01
-4.830143e-02
+1.140464e-01
+1.467770e-01
+1.277781e-02
-1.357285e-01
-1.302210e-01
+2.296913e-02
+1.501248e-01
+1.072192e-01
-5.707306e-02
-1.567895e-01
-7.921318e-02
+8.787945e-02
+1.557250e-01
+4.781472e-02
-1.140254e-01
-1.473427e-01
-1.469617e-02
+1.344925e-01
+1.324014e-01
-1.851153e-02
-1.486321e-01
-1.119300e-01
+5.030734e-02
+1.561651e-01
+8.714226e-02
-7.939035e-02
-1.571575e-01
-5.934955e-02
+1.047094e-01
+1.519793e-01
+2.987888e-02
-1.254912e-01
-1.412488e-01

eigenvalue = -1.081265e+00:
-1.392982e-01
-1.279790e-01
+2.171621e-02
+1.479316e-01
+1.142083e-01
-4.298707e-02
-1.537114e-01
-9.827899e-02
+6.338071e-02
+1.565404e-01
+8.053392e-02
-8.249161e-02
-1.563943e-01
-6.135450e-02
+9.995244e-02
+1.533215e-01
+4.114870e-02
-1.154442e-01
-1.474394e-01
-2.033810e-02
+1.287045e-01
+1.389295e-01
-6.550842e-04
-1.395334e-01
-1.280292e-01
+2.142063e-02
+1.477974e-01
+1.150229e-01
-4.157196e-02
-1.534297e-01
-1.002312e-01
+6.075652e-02
+1.564297e-01
+8.399954e-02
-7.866433e-02
-1.568587e-01
-6.668672e-02
+9.503471e-02
+1.548351e-01
+4.865357e-02
-1.096608e-01
-1.505266e-01
-3.025222e-02
+1.223918e-01
+1.441425e-01
+1.181655e-02
-1.331338e-01
-1.359243e-01
+6.346103e-03
+1.418475e-01
+1.261362e-01
-2.396153e-02
-1.485456e-01
-1.150564e-01
+4.079370e-02
+1.532874e-01
+1.029675e-01
-5.664787e-02
-1.561737e-01
-9.014885e-02
+7.137223e-02
+1.573402e-01
+7.686908e-02
-8.485777e-02
-1.569500e-01
-6.338047e-02
+9.703689e-02
+1.551874e-01
+4.991411e-02
-1.078807e-01
-1.522507e-01
-3.667654e-02
+1.173955e-01
+1.483460e-01
+2.384777e-02
-1.256184e-01
-1.436814e-01
-1.158041e-02
+1.326125e-01
+1.384620e-01

eigenvalue = -1.013354e+00:
-1.363802e-01
-1.345598e-01
+3.614036e-03
+1.381258e-01
+1.326807e-01
-7.196696e-03
-1.397829e-01
-1.307612e-01
+1.071677e-02
+1.413402e-01
+1.288221e-01
-1.414332e-02
-1.427890e-01
-1.268860e-01
+1.744582e-02
+1.441228e-01
+1.249773e-01
-2.059425e-02
-1.453372e-01
-1.231220e-01
+2.355914e-02
+1.464298e-01
+1.213474e-01
-2.631161e-02
-1.474000e-01
-1.196817e-01
+2.882332e-02
+1.482482e-01
+1.181537e-01
-3.106646e-02
-1.489758e-01
-1.167927e-01
+3.301358e-02
+1.495846e-01
+1.156277e-01
-3.463745e-02
-1.500763e-01
-1.146873e-01
+3.591088e-02
+1.504516e-01
+1.139992e-01
-3.680645e-02
-1.507100e-01
-1.135899e-01
+3.729631e-02
+1.508486e-01
+1.134838e-01
-3.735186e-02
-1.508616e-01
-1.137034e-01
+3.694353e-02
+1.507394e-01
+1.142679e-01
-3.604058e-02
-1.504679e-01
-1.151929e-01
+3.461087e-02
+1.500272e-01
+1.164898e-01
-3.262083e-02
-1.493909e-01
-1.181642e-01
+3.003552e-02
+1.485254e-01
+1.202154e-01
-2.681880e-02
-1.473883e-01
-1.226349e-01
+2.293383e-02
+1.459282e-01
+1.254050e-01
-1.834375e-02
-1.440836e-01
-1.284968e-01
+1.301279e-02
+1.417821e-01
+1.318687e-01
-6.907747e-03
-1.389404e-01
-1.354638e-01

eigenvalue = -9.469478e-01:
-1.332587e-01
-1.403292e-01
-1.451869e-02
+1.250395e-01
+1.462040e-01
+2.894323e-02
-1.157189e-01
-1.508358e-01
-4.317798e-02
+1.053458e-01
+1.541769e-01
+5.712421e-02
-9.397194e-02
-1.561784e-01
-7.067869e-02
+8.165309e-02
+1.567911e-01
+8.373239e-02
-6.845112e-02
-1.559657e-01
-9.616920e-02
+5.443590e-02
+1.536537e-01
+1.078650e-01
-3.968741e-02
-1.498091e-01
-1.186869e-01
+2.429818e-02
+1.443902e-01
+1.284926e-01
-8.375772e-03
-1.373618e-01
-1.371309e-01
-7.954671e-03
+1.286982e-01
+1.444418e-01
+2.454779e-02
-1.183868e-01
-1.502575e-01
-4.123552e-02
+1.064321e-01
+1.544048e-01
+5.782481e-02
-9.286043e-02
-1.567077e-01
-7.409566e-02
+7.772525e-02
+1.569912e-01
+8.979985e-02
-6.111275e-02
-1.550862e-01
-1.046604e-01
+4.314799e-02
+1.508364e-01
+1.183722e-01
-2.400127e-02
-1.441057e-01
-1.306040e-01
+3.894310e-03
+1.347875e-01
+1.410023e-01
+1.689397e-02
-1.228161e-01
-1.491976e-01
-3.802249e-02
+1.081786e-01
+1.548131e-01
+5.908456e-02
-9.092828e-02
-1.574761e-01
-7.960663e-02
+7.119958e-02
+1.568338e-01
+9.904993e-02
-4.922222e-02
-1.525715e-01
-1.168162e-01
+2.533537e-02
+1.444354e-01
+1.322583e-01

eigenvalue = -8.821457e-01:
+1.299386e-01
+1.452532e-01
+3.243686e-02
-1.089917e-01
-1.542844e-01
-6.349921e-02
+8.328755e-02
+1.566274e-01
+9.186022e-02
-5.389574e-02
-1.521407e-01
-1.162876e-01
+2.204601e-02
+1.409545e-01
+1.356890e-01
+1.091218e-02
-1.234738e-01
-1.491554e-01
-4.355487e-02
+1.003716e-01
+1.560004e-01
+7.443360e-02
-7.257487e-02
-1.557958e-01
-1.021292e-01
+4.124105e-02
+1.484007e-01
+1.253088e-01
-7.724706e-03
-1.339835e-01
-1.427845e-01
-2.646531e-02
+1.130349e-01
+1.535724e-01
+5.971891e-02
-8.636932e-02
-1.569497e-01
-9.038747e-02
+5.511391e-02
+1.525079e-01
+1.168553e-01
-2.068307e-02
-1.401984e-01
-1.376187e-01
-1.526359e-02
+1.203678e-01
+1.513701e-01
+5.088043e-02
-9.377845e-02
-1.570838e-01
-8.421256e-02
+6.161105e-02
+1.541004e-01
+1.132898e-01
-2.544490e-02
-1.422027e-01
-1.362358e-01
-1.278760e-02
+1.216789e-01
+1.513892e-01
+5.087482e-02
-9.336441e-02
-1.574307e-01
-8.642957e-02
+5.865670e-02
+1.535101e-01
+1.170220e-01
-1.949395e-02
-1.393629e-01
-1.403386e-01
-2.170763e-02
+1.154055e-01
+1.543616e-01
+6.216327e-02
-8.279678e-02
-1.575574e-01
-9.887768e-02
+4.345243e-02
+1.490629e-01
+1.288499e-01

eigenvalue = -8.190455e-01:
-1.264251e-01
-1.493030e-01
-4.989866e-02
+9.037224e-02
+1.566330e-01
+9.462806e-02
-4.486078e-02
-1.476200e-01
-1.295293e-01
-5.412215e-03
+1.231344e-01
+1.509192e-01
+5.522680e-02
-8.564200e-02
-1.564684e-01
-9.935475e-02
+3.897993e-02
+1.454570e-01
+1.330854e-01
+1.200381e-02
-1.188802e-01
-1.527156e-01
-6.192054e-02
+7.939051e-02
+1.559559e-01
+1.053806e-01
-3.107193e-02
-1.422132e-01
-1.375552e-01
-2.093845e-02
+1.127129e-01
+1.547076e-01
+7.095561e-02
-7.044120e-02
-1.546399e-01
-1.133364e-01
+1.989926e-02
+1.370026e-01
+1.431007e-01
+3.331978e-02
-1.034265e-01
-1.565218e-01
-8.310187e-02
+5.744547e-02
+1.516204e-01
+1.234832e-01
-4.199392e-03
-1.284990e-01
-1.493571e-01
-5.007120e-02
+8.946211e-02
+1.571405e-01
+9.870419e-02
-3.888500e-02
-1.453169e-01
-1.354076e-01
-1.718221e-02
+1.147759e-01
+1.550812e-01
+7.165921e-02
-6.888220e-02
-1.545686e-01
-1.172787e-01
+1.322997e-02
+1.332330e-01
+1.475440e-01
+4.492807e-02
-9.325643e-02
-1.576887e-01
-9.754377e-02
+3.957992e-02
+1.455023e-01
+1.368502e-01
+2.055775e-02
-1.118861e-01
-1.565272e-01
-7.847730e-02
+6.101233e-02
+1.527932e-01
+1.252431e-01

eigenvalue = -7.577420e-01:
-1.227236e-01
-1.524552e-01
-6.666875e-02
+6.963174e-02
+1.531761e-01
+1.206759e-01
-3.239060e-03
-1.247006e-01
-1.517199e-01
-6.384961e-02
+7.236330e-02
+1.537969e-01
+1.188271e-01
-6.060489e-03
-1.263631e-01
-1.510884e-01
-6.156350e-02
+7.450216e-02
+1.542616e-01
+1.174700e-01
-8.047015e-03
-1.274881e-01
-1.507023e-01
-6.020908e-02
+7.569569e-02
+1.545311e-01
+1.169087e-01
-8.780757e-03
-1.278586e-01
-1.507082e-01
-6.018679e-02
+7.558805e-02
+1.545585e-01
+1.174397e-01
-7.840465e-03
-1.272381e-01
-1.512275e-01
-6.188759e-02
+7.380228e-02
+1.542534e-01
+1.193250e-01
-4.798142e-03
-1.253371e-01
-1.523158e-01
-6.567617e-02
+6.991819e-02
+1.534346e-01
+1.227535e-01
+7.812431e-04
-1.217716e-01
-1.539090e-01
-7.186365e-02
+6.345109e-02
+1.517729e-01
+1.277882e-01
+9.329734e-03
-1.160199e-01
-1.557545e-01
-8.066176e-02
+5.383995e-02
+1.487265e-01
+1.342907e-01
+2.124437e-02
-1.073857e-01
-1.573267e-01
-9.210715e-02
+4.045978e-02
+1.434759e-01
+1.418191e-01
+3.681637e-02
-9.498379e-02
-1.577299e-01
-1.059425e-01
+2.268004e-02
+1.348741e-01
+1.494937e-01
+5.609996e-02
-7.777526e-02
-1.556017e-01
-1.214427e-01

eigenvalue = -6.983275e-01:
+1.188403e-01
+1.546919e-01
+8.252164e-02
-4.727121e-02
-1.440579e-01
-1.402669e-01
-3.855452e-02
+9.007006e-02
+1.558314e-01
+1.128483e-01
-8.871034e-03
-1.244020e-01
-1.531689e-01
-7.513151e-02
+5.528249e-02
+1.471670e-01
+1.365105e-01
+3.076543e-02
-9.640320e-02
-1.564630e-01
-1.076419e-01
+1.605904e-02
+1.285929e-01
+1.517416e-01
+6.945778e-02
-6.106565e-02
-1.491969e-01
-1.338030e-01
-2.561029e-02
+1.003355e-01
+1.567647e-01
+1.046394e-01
-1.990531e-02
-1.306817e-01
-1.511205e-01
-6.715629e-02
+6.317436e-02
+1.499159e-01
+1.332868e-01
+2.481586e-02
-1.007426e-01
-1.569822e-01
-1.052851e-01
+1.874869e-02
+1.299110e-01
+1.519567e-01
+6.984722e-02
-6.009788e-02
-1.489191e-01
-1.359260e-01
-3.008367e-02
+9.628983e-02
+1.570089e-01
+1.107731e-01
-1.084922e-02
-1.250953e-01
-1.543757e-01
-7.890907e-02
+5.004354e-02
+1.451114e-01
+1.420289e-01
+4.298569e-02
-8.506820e-02
-1.557751e-01
-1.215899e-01
-5.627116e-03
+1.141158e-01
+1.572916e-01
+9.506055e-02
-3.079468e-02
-1.360651e-01
-1.504992e-01
-6.459211e-02
+6.432290e-02
+1.504669e-01
+1.366958e-01
+3.227985e-02
-9.351116e-02
-1.574693e-01
-1.174538e-01

eigenvalue = -6.408915e-01:
+1.147811e-01
+1.560007e-01
+9.724455e-02
-2.382946e-02
-1.296337e-01
-1.523766e-01
-7.749602e-02
+4.702791e-02
+1.414304e-01
+1.452612e-01
+5.608388e-02
-6.899574e-02
-1.499172e-01
-1.349124e-01
-3.360465e-02
+8.919394e-02
+1.549681e-01
+1.216976e-01
+1.067248e-02
-1.071690e-01
-1.565881e-01
-1.060723e-01
+1.211144e-02
+1.225721e-01
+1.549078e-01
+8.855462e-02
-3.418745e-02
-1.351710e-01
-1.501707e-01
-6.969725e-02
+5.506217e-02
+1.448553e-01
+1.427162e-01
+5.005907e-02
-7.432774e-02
-1.516336e-01
-1.329569e-01
-3.017893e-02
+9.167479e-02
+1.556250e-01
+1.213545e-01
+1.055268e-02
-1.068988e-01
-1.570448e-01
-1.083957e-01
+8.385040e-03
+1.199001e-01
+1.561869e-01
+9.456880e-02
-2.627337e-02
-1.306776e-01
-1.534039e-01
-8.034381e-02
+4.283199e-02
+1.393186e-01
+1.490864e-01
+6.615645e-02
-5.786223e-02
-1.459842e-01
-1.436443e-01
-5.239663e-02
+7.124292e-02
+1.508931e-01
+1.374884e-01
+3.940191e-02
-8.292202e-02
-1.543041e-01
-1.310169e-01
-2.745562e-02
+9.290484e-02
+1.564988e-01
+1.246037e-01
+1.678921e-02
-1.012398e-01
-1.577650e-01
-1.185903e-01
-7.588089e-03
+1.080030e-01
+1.583819e-01
+1.132815e-01

eigenvalue = -5.855205e-01:
+1.105527e-01
+1.563751e-01
+1.106406e-01
+1.297545e-04
-1.104570e-01
-1.563858e-01
-1.107818e-01
-3.458715e-04
+1.102924e-01
+1.564067e-01
+1.110370e-01
+7.347686e-04
-1.099970e-01
-1.564367e-01
-1.114663e-01
-1.383092e-03
+1.095078e-01
+1.564726e-01
+1.121285e-01
+2.377698e-03
-1.087595e-01
-1.565083e-01
-1.130800e-01
-3.805771e-03
+1.076834e-01
+1.565321e-01
+1.143731e-01
+5.754665e-03
-1.062058e-01
-1.565251e-01
-1.160546e-01
-8.311714e-03
+1.042460e-01
+1.564576e-01
+1.181628e-01
+1.156369e-02
-1.017148e-01
-1.562861e-01
-1.207246e-01
-1.559580e-02
+9.851251e-02
+1.559493e-01
+1.237518e-01
+2.049002e-02
-9.452721e-02
-1.553638e-01
-1.272360e-01
-2.632242e-02
+8.963373e-02
+1.544195e-01
+1.311431e-01
+3.315932e-02
-8.369333e-02
-1.529751e-01
-1.354064e-01
-4.105164e-02
+7.655480e-02
+1.508532e-01
+1.399179e-01
+5.002710e-02
-6.805757e-02
-1.478371e-01
-1.445195e-01
-6.007989e-02
+5.803747e-02
+1.436676e-01
+1.489928e-01
+7.115726e-02
-4.633636e-02
-1.380441e-01
-1.530480e-01
-8.314281e-02
+3.281645e-02
+1.306272e-01
+1.563140e-01
+9.583636e-02
-1.738066e-02
-1.210492e-01
-1.583309e-01
-1.089309e-01

eigenvalue = -5.322980e-01:
-1.061617e-01
-1.558144e-01
-1.225312e-01
-2.403161e-02
+8.725763e-02
+1.521131e-01
+1.360325e-01
+4.758266e-02
-6.617673e-02
-1.447431e-01
-1.463512e-01
-7.016485e-02
+4.330851e-02
+1.337735e-01
+1.531909e-01
+9.127530e-02
-1.908352e-02
-1.193178e-01
-1.562752e-01
-1.103915e-01
-6.015878e-03
+1.015458e-01
+1.553546e-01
+1.269694e-01
+3.144455e-02
-8.069836e-02
-1.502183e-01
-1.404449e-01
-5.658434e-02
+5.710586e-02
+1.407121e-01
+1.502419e-01
+8.073628e-02
-3.120911e-02
-1.267619e-01
-1.557863e-01
-1.031169e-01
+3.580832e-03
+1.084040e-01
+1.565291e-01
+1.228610e-01
+2.505338e-02
-8.582070e-02
-1.519800e-01
-1.390345e-01
-5.379769e-02
+5.938152e-02
+1.417518e-01
+1.506590e-01
+8.157607e-02
-2.968628e-02
-1.256174e-01
-1.567535e-01
-1.071345e-01
-2.392609e-03
+1.035787e-01
+1.563956e-01
+1.290614e-01
+3.567489e-02
-7.594414e-02
-1.488051e-01
-1.458331e-01
-6.865211e-02
+4.341103e-02
+1.334506e-01
+1.558922e-01
+9.949265e-02
-7.143717e-03
-1.101789e-01
-1.577641e-01
-1.260848e-01
-3.116576e-02
+7.935775e-02
+1.502175e-01
+1.461319e-01
+6.927188e-02
-4.202204e-02
-1.324667e-01
-1.573130e-01
-1.044076e-01

eigenvalue = -4.813041e-01:
-1.016155e-01
-1.543236e-01
-1.327590e-01
-4.730410e-02
+6.091379e-02
+1.398229e-01
+1.514654e-01
+9.025218e-02
-1.436455e-02
-1.120747e-01
-1.559111e-01
-1.248219e-01
-3.376499e-02
+7.350836e-02
+1.454897e-01
+1.476458e-01
+7.896979e-02
-2.757554e-02
-1.209031e-01
-1.563056e-01
-1.168587e-01
-2.148147e-02
+8.417154e-02
+1.495839e-01
+1.435262e-01
+6.893564e-02
-3.854983e-02
-1.276524e-01
-1.559256e-01
-1.099505e-01
-1.165914e-02
+9.217552e-02
+1.522212e-01
+1.400128e-01
+6.140242e-02
-4.630259e-02
-1.320878e-01
-1.554011e-01
-1.052872e-01
-5.474528e-03
+9.691969e-02
+1.536593e-01
+1.380946e-01
+5.762110e-02
-4.990559e-02
-1.340286e-01
-1.553722e-01
-1.040269e-01
-4.074302e-03
+9.777965e-02
+1.540622e-01
+1.386369e-01
+5.877065e-02
-4.837573e-02
-1.330987e-01
-1.562153e-01
-1.071316e-01
-8.607023e-03
+9.388362e-02
+1.531801e-01
+1.421124e-01
+6.586926e-02
-4.053333e-02
-1.284079e-01
-1.576857e-01
-1.151305e-01
-2.022003e-02
+8.386907e-02
+1.499560e-01
+1.482211e-01
+7.957465e-02
-2.492581e-02
-1.182172e-01
-1.584509e-01
-1.277114e-01
-3.988358e-02
+6.573589e-02
+1.420926e-01
+1.553300e-01
+9.971661e-02

eigenvalue = -4.326159e-01:
+9.692148e-02
+1.519138e-01
+1.411894e-01
+6.939207e-02
-3.241866e-02
-1.202095e-01
-1.560222e-01
-1.243838e-01
-3.898351e-02
+6.326239e-02
+1.381785e-01
+1.534184e-01
+1.024217e-01
+7.221254e-03
-9.109458e-02
-1.501264e-01
-1.444455e-01
-7.652961e-02
+2.434300e-02
+1.147380e-01
+1.557753e-01
+1.298406e-01
+4.811787e-02
-5.426624e-02
-1.333645e-01
-1.552753e-01
-1.106515e-01
-1.864986e-02
+8.133084e-02
+1.465435e-01
+1.491632e-01
+8.812647e-02
-1.048503e-02
-1.046302e-01
-1.542480e-01
-1.382877e-01
-6.359457e-02
+3.807980e-02
+1.236155e-01
+1.568194e-01
+1.237105e-01
+3.835028e-02
-6.318845e-02
-1.381032e-01
-1.549023e-01
-1.066006e-01
-1.355697e-02
+8.516901e-02
+1.482459e-01
+1.493592e-01
+8.813387e-02
-9.822033e-03
-1.036907e-01
-1.544768e-01
-1.411801e-01
-6.941030e-02
+3.106045e-02
+1.187092e-01
+1.574371e-01
+1.313963e-01
+5.139534e-02
-4.967417e-02
-1.304180e-01
-1.578967e-01
-1.210097e-01
-3.488905e-02
+6.539866e-02
+1.391837e-01
+1.566793e-01
+1.109408e-01
+2.052168e-02
-7.814473e-02
-1.454742e-01
-1.545956e-01
-1.019976e-01
-8.771698e-03
+8.794009e-02
+1.497864e-01
+1.523885e-01
+9.486323e-02

eigenvalue = -3.863069e-01:
-9.208755e-02
-1.486016e-01
-1.477135e-01
-8.977068e-02
+2.842379e-03
+9.435783e-02
+1.494429e-01
+1.468418e-01
+8.757197e-02
-5.484266e-03
-9.642524e-02
-1.501876e-01
-1.460633e-01
-8.566423e-02
+7.725167e-03
+9.814087e-02
+1.507973e-01
+1.454653e-01
+8.422642e-02
-9.364330e-03
-9.936041e-02
-1.512400e-01
-1.451408e-01
-8.344084e-02
+1.019992e-02
+9.993924e-02
+1.514832e-01
+1.451814e-01
+8.348900e-02
-1.002775e-02
-9.972573e-02
-1.514833e-01
-1.456674e-01
-8.454641e-02
+8.639637e-03
+9.855266e-02
+1.511728e-01
+1.466556e-01
+8.677535e-02
-5.822113e-03
-9.622724e-02
-1.504453e-01
-1.481633e-01
-9.031490e-02
+1.356730e-03
+9.252100e-02
+1.491373e-01
+1.501494e-01
+9.526677e-02
+4.976477e-03
-8.716041e-02
-1.470088e-01
-1.524901e-01
-1.016749e-01
-1.338954e-02
+7.982136e-02
+1.437228e-01
+1.549500e-01
+1.094968e-01
+2.406802e-02
-7.013017e-02
-1.388275e-01
-1.571483e-01
-1.185643e-01
-3.713875e-02
+5.767710e-02
+1.317436e-01
+1.585222e-01
+1.285314e-01
+5.261882e-02
-4.204888e-02
-1.217651e-01
-1.582910e-01
-1.388107e-01
-7.034106e-02
+2.288955e-02
+1.080838e-01
+1.554314e-01
+1.485001e-01
+8.985238e-02

eigenvalue = -3.424473e-01:
+8.712197e-02
+1.444098e-01
+1.522484e-01
+1.079583e-01
+2.670873e-02
-6.368311e-02
-1.322808e-01
-1.556188e-01
-1.257263e-01
-5.284127e-02
+3.810692e-02
+1.160336e-01
+1.543268e-01
+1.399302e-01
+7.778206e-02
-1.089560e-02
-9.585909e-02
-1.481648e-01
-1.500245e-01
-1.008390e-01
-1.736730e-02
+7.200507e-02
+1.369320e-01
+1.554085e-01
+1.212116e-01
+4.596794e-02
-4.482785e-02
-1.204717e-01
-1.554362e-01
-1.379689e-01
-7.401160e-02
+1.485714e-02
+9.873085e-02
+1.494500e-01
+1.500436e-01
+1.003758e-01
+1.712769e-02
-7.184281e-02
-1.368434e-01
-1.562513e-01
-1.236755e-01
-5.001491e-02
+4.023530e-02
+1.171606e-01
+1.553474e-01
+1.422538e-01
+8.228095e-02
-4.760721e-03
-9.023897e-02
-1.461360e-01
-1.542166e-01
-1.119315e-01
-3.316107e-02
+5.639742e-02
+1.276454e-01
+1.575356e-01
+1.364901e-01
+7.140758e-02
-1.666381e-02
-9.938237e-02
-1.502489e-01
-1.530717e-01
-1.070627e-01
-2.698109e-02
+6.166637e-02
+1.307848e-01
+1.585895e-01
+1.364260e-01
+7.138968e-02
-1.602165e-02
-9.842504e-02
-1.501479e-01
-1.551985e-01
-1.121440e-01
-3.443004e-02
+5.389367e-02
+1.256595e-01
+1.589357e-01
+1.436801e-01
+8.468852e-02

eigenvalue = -3.011035e-01:
-8.203340e-02
-1.393668e-01
-1.547397e-01
-1.235285e-01
-5.513444e-02
+2.985236e-02
+1.058571e-01
+1.500195e-01
+1.490690e-01
+1.033070e-01
+2.650184e-02
-5.826355e-02
-1.255367e-01
-1.551397e-01
-1.382150e-01
-7.986281e-02
+2.411668e-03
+8.396423e-02
+1.404007e-01
+1.548711e-01
+1.230869e-01
+5.457175e-02
-3.021411e-02
-1.059998e-01
-1.502409e-01
-1.498164e-01
-1.048990e-01
-2.886248e-02
+5.572672e-02
+1.238221e-01
+1.553137e-01
+1.409497e-01
+8.502522e-02
+4.063844e-03
-7.809253e-02
-1.373182e-01
-1.562819e-01
-1.294929e-01
-6.485315e-02
+1.871271e-02
+9.682665e-02
+1.467781e-01
+1.541126e-01
+1.167806e-01
+4.566388e-02
-3.863862e-02
-1.118054e-01
-1.528128e-01
-1.499544e-01
-1.041391e-01
-2.855449e-02
+5.517521e-02
+1.232010e-01
+1.562405e-01
+1.450130e-01
+9.279594e-02
+1.441189e-02
-6.802616e-02
-1.313764e-01
-1.579569e-01
-1.404429e-01
-8.382701e-02
-3.935049e-03
+7.704655e-02
+1.367531e-01
+1.588054e-01
+1.372582e-01
+7.813855e-02
-2.306131e-03
-8.212336e-02
-1.396663e-01
-1.594476e-01
-1.362580e-01
-7.646751e-02
+3.794709e-03
+8.304446e-02
+1.402136e-01
+1.602322e-01
+1.379477e-01
+7.937537e-02

eigenvalue = -2.623386e-01:
+7.683106e-02
+1.335068e-01
+1.551619e-01
+1.361205e-01
+8.138268e-02
+5.307489e-03
-7.215890e-02
-1.307168e-01
-1.550336e-01
-1.387557e-01
-8.616138e-02
-1.102719e-02
+6.699019e-02
+1.275025e-01
+1.547183e-01
+1.415578e-01
+9.148210e-02
+1.756833e-02
-6.091958e-02
-1.235600e-01
-1.540872e-01
-1.446056e-01
-9.761514e-02
-2.533123e-02
+5.350908e-02
+1.185158e-01
+1.529197e-01
+1.478865e-01
+1.047638e-01
+3.469467e-02
-4.428582e-02
-1.119079e-01
-1.508708e-01
-1.512562e-01
-1.130272e-01
-4.599098e-02
+3.274709e-02
+1.031677e-01
+1.474316e-01
+1.543857e-01
+1.223444e-01
+5.946129e-02
-1.838133e-02
-9.160902e-02
-1.418854e-01
-1.566914e-01
-1.324126e-01
-7.518015e-02
+7.189529e-04
+7.643997e-02
+1.332729e-01
+1.572566e-01
+1.425782e-01
+9.293772e-02
+2.056835e-02
-5.681756e-02
-1.203843e-01
-1.547542e-01
-1.516999e-01
-1.120684e-01
-4.549658e-02
+3.197859e-02
+1.018140e-01
+1.474033e-01
+1.580039e-01
+1.312239e-01
+7.350376e-02
-1.487660e-03
-7.613075e-02
-1.330116e-01
-1.589719e-01
-1.481134e-01
-1.030801e-01
-3.435398e-02
+4.223764e-02
+1.091972e-01
+1.513554e-01
+1.592782e-01
+1.313242e-01
+7.391551e-02

eigenvalue = -2.262122e-01:
+7.152466e-02
+1.268700e-01
+1.535189e-01
+1.454484e-01
+1.044898e-01
+3.991033e-02
-3.368860e-02
-9.967682e-02
-1.431558e-01
-1.543219e-01
-1.306726e-01
-7.755994e-02
-6.970363e-03
+6.518882e-02
+1.226794e-01
+1.525867e-01
+1.482151e-01
+1.105767e-01
+4.814281e-02
-2.507557e-02
-9.268270e-02
-1.395731e-01
-1.553021e-01
-1.364008e-01
-8.712299e-02
-1.846884e-02
+5.428707e-02
+1.150039e-01
+1.502551e-01
+1.522871e-01
+1.207056e-01
+6.252615e-02
-9.407113e-03
-7.927483e-02
-1.317683e-01
-1.554383e-01
-1.451744e-01
-1.032819e-01
-3.893507e-02
+3.385832e-02
+9.932282e-02
+1.433372e-01
+1.564684e-01
+1.359684e-01
+8.631557e-02
+1.820267e-02
-5.379306e-02
-1.143446e-01
-1.506362e-01
-1.550570e-01
-1.267653e-01
-7.180800e-02
-1.790579e-03
+6.860123e-02
+1.246942e-01
+1.548794e-01
+1.529902e-01
+1.195231e-01
+6.146980e-02
-9.184226e-03
-7.796224e-02
-1.308729e-01
-1.572455e-01
-1.518523e-01
-1.159002e-01
-5.671548e-02
+1.379279e-02
+8.155844e-02
+1.331738e-01
+1.585291e-01
+1.527590e-01
+1.171277e-01
+5.870252e-02
-1.109472e-02
-7.875259e-02
-1.312964e-01
-1.587628e-01
-1.560539e-01
-1.238321e-01
-6.830961e-02

eigenvalue = -1.927804e-01:
-6.612465e-02
-1.195022e-01
-1.498449e-01
-1.513087e-01
-1.236179e-01
-7.211488e-02
-6.725320e-03
+5.995875e-02
+1.151073e-01
+1.481223e-01
+1.526725e-01
+1.279031e-01
+7.858876e-02
+1.420501e-02
-5.290022e-02
-1.098799e-01
-1.458484e-01
-1.539571e-01
-1.326901e-01
-8.613499e-02
-2.318484e-02
+4.417255e-02
+1.031447e-01
+1.425652e-01
+1.550026e-01
+1.381491e-01
+9.523258e-02
+3.438031e-02
-3.293547e-02
-9.407081e-02
-1.375873e-01
-1.553858e-01
-1.441990e-01
-1.061708e-01
-4.842326e-02
+1.829770e-02
+8.163580e-02
+1.299175e-01
+1.542973e-01
+1.503625e-01
+1.189074e-01
+6.574797e-02
+6.206714e-04
-6.461929e-02
-1.181646e-01
-1.503890e-01
-1.555613e-01
-1.328396e-01
-8.637486e-02
-2.452314e-02
+4.168239e-02
+1.005133e-01
+1.416243e-01
+1.578582e-01
+1.464666e-01
+1.095402e-01
+5.359093e-02
-1.162809e-02
-7.484391e-02
-1.252197e-01
-1.542038e-01
-1.569587e-01
-1.331334e-01
-8.686415e-02
-2.601831e-02
+3.917317e-02
+9.785315e-02
+1.403470e-01
+1.597412e-01
+1.529770e-01
+1.212919e-01
+6.995173e-02
+7.337060e-03
-5.645368e-02
-1.112460e-01
-1.484072e-01
-1.621845e-01
-1.505583e-01
-1.154919e-01
-6.255525e-02

eigenvalue = -1.620961e-01:
-6.064223e-02
-1.114550e-01
-1.442040e-01
-1.535860e-01
-1.380873e-01
-1.002263e-01
-4.614092e-02
+1.540991e-02
+7.446887e-02
+1.214935e-01
+1.488986e-01
+1.522776e-01
+1.311067e-01
+8.881900e-02
+3.224022e-02
-2.952035e-02
-8.654185e-02
-1.296877e-01
-1.520679e-01
-1.501332e-01
-1.242285e-01
-7.852093e-02
-2.031709e-02
+4.111454e-02
+9.602605e-02
+1.357380e-01
+1.540068e-01
+1.479961e-01
+1.187033e-01
+7.077768e-02
+1.176767e-02
-4.908090e-02
-1.022800e-01
-1.395791e-01
-1.552366e-01
-1.468902e-01
-1.158941e-01
-6.707929e-02
-7.981739e-03
+5.233560e-02
+1.046801e-01
+1.411291e-01
+1.562194e-01
+1.477482e-01
+1.170714e-01
+6.886318e-02
+1.038084e-02
-4.964439e-02
-1.023198e-01
-1.399073e-01
-1.569488e-01
-1.510383e-01
-1.231350e-01
-7.738068e-02
-2.045895e-02
+3.940179e-02
+9.362897e-02
+1.345339e-01
+1.563905e-01
+1.562158e-01
+1.341478e-01
+9.337810e-02
+3.966056e-02
-1.952612e-02
-7.603529e-02
-1.221780e-01
-1.517608e-01
-1.608971e-01
-1.484884e-01
-1.163204e-01
-6.877215e-02
-1.218983e-02
+4.598316e-02
+9.819641e-02
+1.377707e-01
+1.597375e-01
+1.614366e-01
+1.428028e-01
+1.063181e-01
+5.664489e-02

eigenvalue = -1.342098e-01:
+5.508963e-02
+1.027860e-01
+1.366901e-01
+1.522564e-01
+1.474034e-01
+1.227898e-01
+8.172358e-02
+2.971368e-02
-2.627250e-02
-7.874562e-02
-1.206983e-01
-1.465412e-01
-1.528454e-01
-1.387938e-01
-1.062805e-01
-5.964916e-02
-5.105402e-03
+5.011456e-02
+9.870764e-02
+1.342704e-01
+1.521403e-01
+1.500004e-01
+1.281717e-01
+8.955444e-02
+3.923258e-02
-1.620517e-02
-6.953483e-02
-1.138413e-01
-1.434132e-01
-1.544731e-01
-1.456487e-01
-1.181302e-01
-7.549492e-02
-2.322872e-02
+3.199129e-02
+8.315668e-02
+1.238187e-01
+1.488964e-01
+1.553016e-01
+1.423039e-01
+1.115958e-01
+6.705407e-02
+1.423419e-02
-4.033560e-02
-8.996804e-02
-1.286366e-01
-1.517004e-01
-1.564475e-01
-1.423953e-01
-1.113168e-01
-6.699505e-02
-1.474429e-02
+3.924223e-02
+8.863410e-02
+1.277061e-01
+1.519939e-01
+1.587887e-01
+1.474177e-01
+1.192852e-01
+7.767497e-02
+2.734482e-02
-2.603494e-02
-7.653069e-02
-1.186071e-01
-1.477272e-01
-1.608260e-01
-1.566114e-01
-1.356642e-01
-1.003340e-01
-5.445025e-02
-2.885402e-03
+4.897802e-02
+9.581605e-02
+1.329076e-01
+1.565988e-01
+1.646432e-01
+1.563887e-01
+1.327983e-01
+9.631073e-02
+5.056189e-02

eigenvalue = -1.091701e-01:
+4.948027e-02
+9.355907e-02
+1.274263e-01
+1.473894e-01
+1.512763e-01
+1.386715e-01
+1.109583e-01
+7.116495e-02
+2.363027e-02
-2.647246e-02
-7.370133e-02
-1.129386e-01
-1.399455e-01
-1.518187e-01
-1.472993e-01
-1.269013e-01
-9.284746e-02
-4.882108e-02
+4.386541e-04
+4.965147e-02
+9.356491e-02
+1.275154e-01
+1.479213e-01
+1.526557e-01
+1.412608e-01
+1.149826e-01
+7.662566e-02
+3.024405e-02
-1.929474e-02
-6.682606e-02
-1.074286e-01
-1.369326e-01
-1.523426e-01
-1.521327e-01
-1.363866e-01
-1.067698e-01
-6.634057e-02
-1.922261e-02
+2.982466e-02
+7.589253e-02
+1.144155e-01
+1.416203e-01
+1.548875e-01
+1.529915e-01
+1.361993e-01
+1.062196e-01
+6.601424e-02
+1.949111e-02
-2.888607e-02
-7.453260e-02
-1.131784e-01
-1.412632e-01
-1.562551e-01
-1.568645e-01
-1.431377e-01
-1.164243e-01
-7.922685e-02
-3.494948e-02
+1.242654e-02
+5.870967e-02
+9.987202e-02
+1.323970e-01
+1.535710e-01
+1.616956e-01
+1.562058e-01
+1.376865e-01
+1.077925e-01
+6.908090e-02
+2.477514e-02
-2.151620e-02
-6.610138e-02
-1.055018e-01
-1.367189e-01
-1.574523e-01
-1.662531e-01
-1.626055e-01
-1.469323e-01
-1.205296e-01
-8.543936e-02
-4.427257e-02

eigenvalue = -8.702591e-02:
-4.382928e-02
-8.384454e-02
-1.165652e-01
-1.391481e-01
-1.496350e-01
-1.471227e-01
-1.318391e-01
-1.051215e-01
-6.929664e-02
-2.747540e-02
+1.672017e-02
+5.947299e-02
+9.710233e-02
+1.263813e-01
+1.448128e-01
+1.508405e-01
+1.439766e-01
+1.248367e-01
+9.507936e-02
+5.725690e-02
+1.459124e-02
-2.930501e-02
-7.073744e-02
-1.062420e-01
-1.328739e-01
-1.484485e-01
-1.517162e-01
-1.424548e-01
-1.214772e-01
-9.055067e-02
-5.224077e-02
-9.690639e-03
+3.364233e-02
+7.427089e-02
+1.089594e-01
+1.349794e-01
+1.503192e-01
+1.538319e-01
+1.453115e-01
+1.254927e-01
+9.597697e-02
+5.909235e-02
+1.770067e-02
-2.503189e-02
-6.588148e-02
-1.018110e-01
-1.301938e-01
-1.489997e-01
-1.569317e-01
-1.535038e-01
-1.390567e-01
-1.147131e-01
-8.227759e-02
-4.409085e-02
-2.850896e-03
+3.858458e-02
+7.739990e-02
+1.110126e-01
+1.372410e-01
+1.544385e-01
+1.615854e-01
+1.583359e-01
+1.450178e-01
+1.225884e-01
+9.255184e-02
+5.684490e-02
+1.770060e-02
-2.249968e-02
-6.137619e-02
-9.669289e-02
-1.264834e-01
-1.491537e-01
-1.635578e-01
-1.690420e-01
-1.654586e-01
-1.531502e-01
-1.329069e-01
-1.059013e-01
-7.360769e-02
-3.770900e-02

eigenvalue = -6.782795e-02:
-3.815736e-02
-7.372681e-02
-1.042973e-01
-1.277993e-01
-1.426454e-01
-1.478378e-01
-1.430352e-01
-1.285735e-01
-1.054412e-01
-7.520900e-02
-3.992141e-02
-1.955490e-03
+3.614135e-02
+7.182404e-02
+1.027209e-01
+1.267913e-01
+1.424596e-01
+1.487161e-01
+1.451793e-01
+1.321149e-01
+1.104115e-01
+8.151597e-02
+4.733194e-02
+1.009013e-02
-2.780064e-02
-6.391168e-02
-9.595113e-02
-1.219089e-01
-1.401805e-01
-1.496626e-01
-1.498147e-01
-1.406829e-01
-1.228871e-01
-9.757206e-02
-6.632653e-02
-3.107756e-02
+6.033789e-03
+4.278624e-02
+7.701326e-02
+1.067308e-01
+1.302501e-01
+1.462696e-01
+1.539411e-01
+1.529063e-01
+1.433051e-01
+1.257529e-01
+1.012934e-01
+7.132757e-02
+3.752565e-02
+1.727741e-03
-3.416103e-02
-6.827443e-02
-9.888244e-02
-1.244769e-01
-1.438412e-01
-1.561019e-01
-1.607590e-01
-1.576964e-01
-1.471719e-01
-1.297883e-01
-1.064500e-01
-7.830629e-02
-4.668639e-02
-1.302954e-02
+2.118570e-02
+5.450967e-02
+8.558397e-02
+1.131955e-01
+1.363203e-01
+1.541557e-01
+1.661401e-01
+1.719616e-01
+1.715541e-01
+1.650841e-01
+1.529281e-01
+1.356438e-01
+1.139356e-01
+8.861777e-02
+6.057622e-02
+3.073078e-02

eigenvalue = -5.161853e-02:
-3.252619e-02
-6.337362e-02
-9.095134e-02
-1.138393e-01
-1.308621e-01
-1.411500e-01
-1.441829e-01
-1.398163e-01
-1.282872e-01
-1.101994e-01
-8.649054e-02
-5.838092e-02
-2.730902e-02
+5.144400e-03
+3.733842e-02
+6.765631e-02
+9.458747e-02
+1.168028e-01
+1.332197e-01
+1.430532e-01
+1.458513e-01
+1.415130e-01
+1.302875e-01
+1.127570e-01
+8.980209e-02
+6.255392e-02
+3.233460e-02
+5.899394e-04
-3.118236e-02
-6.150494e-02
-8.899021e-02
-1.124033e-01
-1.307161e-01
-1.431493e-01
-1.492022e-01
-1.486679e-01
-1.416341e-01
-1.284716e-01
-1.098085e-01
-8.649556e-02
-5.956155e-02
-3.016348e-02
+4.671975e-04
+3.107903e-02
+6.045343e-02
+8.745365e-02
+1.110678e-01
+1.304447e-01
+1.449205e-01
+1.540370e-01
+1.575502e-01
+1.554291e-01
+1.478474e-01
+1.351659e-01
+1.179103e-01
+9.674290e-02
+7.243140e-02
+4.581582e-02
+1.777493e-02
-1.080624e-02
-3.906679e-02
-6.619703e-02
-9.146163e-02
-1.142183e-01
-1.339313e-01
-1.501809e-01
-1.626667e-01
-1.712077e-01
-1.757378e-01
-1.762974e-01
-1.730235e-01
-1.661359e-01
-1.559233e-01
-1.427280e-01
-1.269303e-01
-1.089335e-01
-8.914967e-02
-6.798660e-02
-4.583591e-02
-2.306325e-02

eigenvalue = -3.832189e-02:
-2.726188e-02
-5.347920e-02
-7.764841e-02
-9.884624e-02
-1.162657e-01
-1.292474e-01
-1.373045e-01
-1.401408e-01
-1.376613e-01
-1.299744e-01
-1.173858e-01
-1.003854e-01
-7.962621e-02
-5.589759e-02
-3.009367e-02
-3.177777e-03
+2.385493e-02
+5.001550e-02
+7.435818e-02
+9.601497e-02
+1.142264e-01
+1.283676e-01
+1.379683e-01
+1.427268e-01
+1.425169e-01
+1.373885e-01
+1.275614e-01
+1.134128e-01
+9.546010e-02
+7.433865e-02
+5.077629e-02
+2.556559e-02
-4.652359e-04
-2.648132e-02
-5.166922e-02
-7.526294e-02
-9.656711e-02
-1.149766e-01
-1.299922e-01
-1.412317e-01
-1.484366e-01
-1.514743e-01
-1.503363e-01
-1.451318e-01
-1.360785e-01
-1.234905e-01
-1.077632e-01
-8.935747e-02
-6.878258e-02
-4.657865e-02
-2.329967e-02
+5.027294e-04
+2.429415e-02
+4.757062e-02
+6.986979e-02
+9.077998e-02
+1.099469e-01
+1.270783e-01
+1.419461e-01
+1.543867e-01
+1.642993e-01
+1.716429e-01
+1.764314e-01
+1.787279e-01
+1.786383e-01
+1.763044e-01
+1.718963e-01
+1.656052e-01
+1.576363e-01
+1.482021e-01
+1.375159e-01
+1.257860e-01
+1.132113e-01
+9.997616e-02
+8.624750e-02
+7.217141e-02
+5.787103e-02
+4.344478e-02
+2.896509e-02
+1.447750e-02

eigenvalue = -2.731000e-02:
+2.326043e-02
+4.588575e-02
+6.725906e-02
+8.679921e-02
+1.039773e-01
+1.183317e-01
+1.294804e-01
+1.371317e-01
+1.410914e-01
+1.412675e-01
+1.376718e-01
+1.304179e-01
+1.197167e-01
+1.058694e-01
+8.925729e-02
+7.033003e-02
+4.959182e-02
+2.758663e-02
+4.882541e-03
-1.794414e-02
-4.032453e-02
-6.171208e-02
-8.159636e-02
-9.951540e-02
-1.150661e-01
-1.279129e-01
-1.377935e-01
-1.445234e-01
-1.479971e-01
-1.481879e-01
-1.451447e-01
-1.389880e-01
-1.299033e-01
-1.181333e-01
-1.039697e-01
-8.774320e-02
-6.981369e-02
-5.056024e-02
-3.037111e-02
-9.634169e-03
+1.127190e-02
+3.198566e-02
+5.216987e-02
+7.151742e-02
+8.975596e-02
+1.066514e-01
+1.220100e-01
+1.356796e-01
+1.475497e-01
+1.575501e-01
+1.656491e-01
+1.718509e-01
+1.761925e-01
+1.787397e-01
+1.795831e-01
+1.788340e-01
+1.766201e-01
+1.730811e-01
+1.683651e-01
+1.626241e-01
+1.560111e-01
+1.486766e-01
+1.407661e-01
+1.324175e-01
+1.237592e-01
+1.149089e-01
+1.059721e-01
+9.704134e-02
+8.819609e-02
+7.950218e-02
+7.101208e-02
+6.276507e-02
+5.478762e-02
+4.709392e-02
+3.968632e-02
+3.255586e-02
+2.568273e-02
+1.903656e-02
+1.257660e-02
+6.251699e-03

eigenvalue = -1.728160e-02:
-2.037460e-02
-4.039723e-02
-5.972271e-02
-7.801936e-02
-9.497532e-02
-1.103044e-01
-1.237515e-01
-1.350969e-01
-1.441604e-01
-1.508037e-01
-1.549328e-01
-1.564988e-01
-1.554975e-01
-1.519693e-01
-1.459963e-01
-1.377006e-01
-1.272401e-01
-1.148049e-01
-1.006125e-01
-8.490270e-02
-6.793273e-02
-4.997141e-02
-3.129397e-02
-1.217664e-02
+7.108353e-03
+2.629759e-02
+4.514075e-02
+6.340443e-02
+8.087544e-02
+9.736346e-02
+1.127031e-01
+1.267554e-01
+1.394085e-01
+1.505779e-01
+1.602063e-01
+1.682626e-01
+1.747405e-01
+1.796571e-01
+1.830505e-01
+1.849779e-01
+1.855130e-01
+1.847434e-01
+1.827679e-01
+1.796942e-01
+1.756360e-01
+1.707109e-01
+1.650379e-01
+1.587354e-01
+1.519194e-01
+1.447018e-01
+1.371890e-01
+1.294808e-01
+1.216695e-01
+1.138392e-01
+1.060653e-01
+9.841462e-02
+9.094474e-02
+8.370461e-02
+7.673464e-02
+7.006707e-02
+6.372645e-02
+5.773020e-02
+5.208921e-02
+4.680847e-02
+4.188769e-02
+3.732198e-02
+3.310245e-02
+2.921679e-02
+2.564987e-02
+2.238419e-02
+1.940037e-02
+1.667752e-02
+1.419354e-02
+1.192541e-02
+9.849314e-03
+7.940779e-03
+6.174642e-03
+4.524993e-03
+2.964986e-03
+1.466554e-03

eigenvalue = -7.405562e-03:
+1.662773e-02
+3.313243e-02
+4.939257e-02
+6.528964e-02
+8.070957e-02
+9.554411e-02
+1.096921e-01
+1.230604e-01
+1.355655e-01
+1.471336e-01
+1.577017e-01
+1.672184e-01
+1.756435e-01
+1.829488e-01
+1.891179e-01
+1.941459e-01
+1.980391e-01
+2.008147e-01
+2.024998e-01
+2.031310e-01
+2.027532e-01
+2.014190e-01
+1.991876e-01
+1.961235e-01
+1.922957e-01
+1.877766e-01
+1.826407e-01
+1.769641e-01
+1.708228e-01
+1.642922e-01
+1.574465e-01
+1.503573e-01
+1.430932e-01
+1.357195e-01
+1.282972e-01
+1.208830e-01
+1.135287e-01
+1.062812e-01
+9.918222e-02
+9.226850e-02
+8.557153e-02
+7.911782e-02
+7.292907e-02
+6.702234e-02
+6.141034e-02
+5.610172e-02
+5.110138e-02
+4.641080e-02
+4.202845e-02
+3.795006e-02
+3.416905e-02
+3.067684e-02
+2.746316e-02
+2.451642e-02
+2.182397e-02
+1.937239e-02
+1.714773e-02
+1.513575e-02
+1.332209e-02
+1.169251e-02
+1.023295e-02
+8.929762e-03
+7.769715e-03
+6.740136e-03
+5.828957e-03
+5.024753e-03
+4.316780e-03
+3.694975e-03
+3.149971e-03
+2.673068e-03
+2.256224e-03
+1.892011e-03
+1.573582e-03
+1.294623e-03
+1.049295e-03
+8.321812e-04
+6.382085e-04
+4.625786e-04
+3.006819e-04
+1.480012e-04

