Numerical Analysis Of A Quantum Harmonic Oscillator

Program parameters:
  n        = 80
  infinity = 0.3
  N_max    = 200000
  epsilon  = 1.000000e-08

Jacobi eigenpair algorithm completed:
  Number of iterations = 9401
  Max. Abs. off-diag.  = 9.99112e-09
  time spent           = 0.196288 s

Eigenvalues:
-4.052723e+00
-4.028596e+00
-4.011952e+00
-3.999971e+00
-3.988214e+00
-3.973056e+00
-3.954478e+00
-3.932741e+00
-3.907986e+00
-3.880309e+00
-3.849782e+00
-3.816472e+00
-3.780441e+00
-3.741754e+00
-3.700473e+00
-3.656666e+00
-3.610400e+00
-3.561749e+00
-3.510786e+00
-3.457591e+00
-3.402244e+00
-3.344828e+00
-3.285432e+00
-3.224144e+00
-3.161059e+00
-3.096269e+00
-3.029875e+00
-2.961975e+00
-2.892672e+00
-2.822070e+00
-2.750276e+00
-2.677398e+00
-2.603546e+00
-2.528830e+00
-2.453364e+00
-2.377260e+00
-2.300634e+00
-2.223600e+00
-2.146275e+00
-2.068775e+00
-1.991217e+00
-1.913717e+00
-1.836392e+00
-1.759358e+00
-1.682732e+00
-1.606628e+00
-1.531161e+00
-1.456445e+00
-1.382592e+00
-1.309714e+00
-1.237920e+00
-1.167318e+00
-1.098015e+00
-1.030114e+00
-9.637190e-01
-8.989294e-01
-8.358430e-01
-7.745550e-01
-7.151580e-01
-6.577420e-01
-6.023939e-01
-5.491978e-01
-4.982350e-01
-4.495834e-01
-4.033181e-01
-3.595112e-01
-3.182321e-01
-2.795479e-01
-2.435238e-01
-2.102244e-01
-1.797158e-01
-1.520681e-01
-1.273583e-01
-1.056560e-01
-8.691094e-02
-7.058357e-02
-5.549130e-02
-4.068959e-02
-2.590449e-02
-1.110682e-02

Eigenvectors:

eigenvalue = -4.052723e+00:
-6.684638e-07
+1.372584e-06
-2.147360e-06
+3.034871e-06
-4.082114e-06
+5.343120e-06
-6.880561e-06
+8.779802e-06
-1.113179e-05
+1.406046e-05
-1.771169e-05
+2.226678e-05
-2.795139e-05
+3.504655e-05
-4.389360e-05
+5.491903e-05
-6.864672e-05
+8.572079e-05
-1.069335e-04
+1.332547e-04
-1.658715e-04
+2.062277e-04
-2.560913e-04
+3.175969e-04
-3.933384e-04
+4.864457e-04
-6.006886e-04
+7.405928e-04
-9.115812e-04
+1.120112e-03
-1.373870e-03
+1.681952e-03
-2.055087e-03
+2.505873e-03
-3.049040e-03
+3.701727e-03
-4.483771e-03
+5.418013e-03
-6.530589e-03
+7.851222e-03
-9.413479e-03
+1.125498e-02
-1.341753e-02
+1.594719e-02
-1.889412e-02
+2.231237e-02
-2.625936e-02
+3.079513e-02
-3.598123e-02
+4.187932e-02
-4.854923e-02
+5.604662e-02
-6.442009e-02
+7.370775e-02
-8.393320e-02
+9.510106e-02
-1.071919e-01
+1.201569e-01
-1.339124e-01
+1.483337e-01
-1.632505e-01
+1.784418e-01
-1.936318e-01
+2.084886e-01
-2.226233e-01
+2.355930e-01
-2.469066e-01
+2.560340e-01
-2.624203e-01
+2.655039e-01
-2.647398e-01
+2.596269e-01
-2.497401e-01
+2.347644e-01
-2.145315e-01
+1.890561e-01
-1.585690e-01
+1.235457e-01
-8.472545e-02
+4.311877e-02

eigenvalue = -4.028596e+00:
-7.607256e-05
+1.543162e-04
-2.369648e-04
+3.263631e-04
-4.250216e-04
+5.356868e-04
-6.614062e-04
+8.055975e-04
-9.721152e-04
+1.165350e-03
-1.390314e-03
+1.652726e-03
-1.959132e-03
+2.317019e-03
-2.734936e-03
+3.222615e-03
-3.791131e-03
+4.453027e-03
-5.222468e-03
+6.115388e-03
-7.149623e-03
+8.345058e-03
-9.723717e-03
+1.130987e-02
-1.313008e-02
+1.521317e-02
-1.759023e-02
+2.029438e-02
-2.336062e-02
+2.682536e-02
-3.072601e-02
+3.510025e-02
-3.998516e-02
+4.541615e-02
-5.142567e-02
+5.804158e-02
-6.528538e-02
+7.317004e-02
-8.169769e-02
+9.085698e-02
-1.006203e-01
+1.109406e-01
-1.217489e-01
+1.329507e-01
-1.444235e-01
+1.560144e-01
-1.675382e-01
+1.787761e-01
-1.894760e-01
+1.993536e-01
-2.080952e-01
+2.153629e-01
-2.208007e-01
+2.240445e-01
-2.247332e-01
+2.225229e-01
-2.171034e-01
+2.082161e-01
-1.956748e-01
+1.793853e-01
-1.593669e-01
+1.357712e-01
-1.088988e-01
+7.921140e-02
-4.733853e-02
+1.407578e-02
+1.962555e-02
-5.267959e-02
+8.389860e-02
-1.120374e-01
+1.358494e-01
-1.541522e-01
+1.659010e-01
-1.702666e-01
+1.667111e-01
-1.550594e-01
+1.355560e-01
-1.089040e-01
+7.627750e-02
-3.930201e-02

eigenvalue = -4.011952e+00:
-1.721715e-03
+3.463981e-03
-5.247459e-03
+7.093007e-03
-9.021778e-03
+1.105529e-02
-1.321548e-02
+1.552474e-02
-1.800592e-02
+2.068232e-02
-2.357754e-02
+2.671544e-02
-3.011988e-02
+3.381449e-02
-3.782236e-02
+4.216555e-02
-4.686465e-02
+5.193811e-02
-5.740152e-02
+6.326675e-02
-6.954103e-02
+7.622581e-02
-8.331559e-02
+9.079661e-02
-9.864546e-02
+1.068276e-01
-1.152960e-01
+1.239896e-01
-1.328316e-01
+1.417289e-01
-1.505705e-01
+1.592268e-01
-1.675497e-01
+1.753724e-01
-1.825102e-01
+1.887625e-01
-1.939153e-01
+1.977442e-01
-2.000198e-01
+2.005128e-01
-1.990016e-01
+1.952802e-01
-1.891675e-01
+1.805179e-01
-1.692319e-01
+1.552678e-01
-1.386527e-01
+1.194933e-01
-9.798565e-02
+7.442192e-02
-4.919552e-02
+2.280187e-02
+4.165000e-03
-3.102117e-02
+5.700728e-02
-8.130923e-02
+1.030853e-01
-1.214991e-01
+1.357586e-01
-1.451581e-01
+1.491244e-01
-1.472613e-01
+1.393934e-01
-1.256023e-01
+1.062553e-01
-8.202014e-02
+5.386438e-02
-2.303560e-02
-8.978984e-03
+4.051448e-02
-6.981103e-02
+9.511460e-02
-1.147913e-01
+1.274488e-01
-1.320560e-01
+1.280522e-01
-1.154331e-01
+9.480539e-02
-6.739872e-02
+3.502759e-02

eigenvalue = -3.999971e+00:
-1.005383e-02
+2.010722e-02
-3.015892e-02
+4.020600e-02
-5.024308e-02
+6.026144e-02
-7.024826e-02
+8.018580e-02
-9.005057e-02
+9.981264e-02
-1.094348e-01
+1.188722e-01
-1.280712e-01
+1.369696e-01
-1.454956e-01
+1.535683e-01
-1.610972e-01
+1.679827e-01
-1.741166e-01
+1.793832e-01
-1.836602e-01
+1.868208e-01
-1.887355e-01
+1.892751e-01
-1.883136e-01
+1.857321e-01
-1.814228e-01
+1.752939e-01
-1.672747e-01
+1.573208e-01
-1.454200e-01
+1.315979e-01
-1.159235e-01
+9.851390e-02
-7.953926e-02
+5.922570e-02
-3.785749e-02
+1.577724e-02
+6.615990e-03
-2.887099e-02
+5.049148e-02
-7.094619e-02
+8.968209e-02
-1.061407e-01
+1.197774e-01
-1.300834e-01
+1.366098e-01
-1.389926e-01
+1.369785e-01
-1.304489e-01
+1.194418e-01
-1.041697e-01
+8.503068e-02
-6.261271e-02
+3.768838e-02
-1.119905e-02
-1.577236e-02
+4.204037e-02
-6.636717e-02
+8.752295e-02
-1.043540e-01
+1.158556e-01
-1.212446e-01
+1.200290e-01
-1.120658e-01
+9.760446e-02
-7.730804e-02
+5.224890e-02
-2.387411e-02
-6.060566e-03
+3.558770e-02
-6.265292e-02
+8.526096e-02
-1.016339e-01
+1.103695e-01
-1.105856e-01
+1.020366e-01
-8.518586e-02
+6.122328e-02
-3.201755e-02

eigenvalue = -3.988214e+00:
+2.110612e-02
-4.196319e-02
+6.232336e-02
-8.194126e-02
+1.005754e-01
-1.179896e-01
+1.339549e-01
-1.482513e-01
+1.606702e-01
-1.710168e-01
+1.791132e-01
-1.848012e-01
+1.879460e-01
-1.884399e-01
+1.862061e-01
-1.812029e-01
+1.734276e-01
-1.629208e-01
+1.497696e-01
-1.341114e-01
+1.161368e-01
-9.609073e-02
+7.427414e-02
-5.104315e-02
+2.680724e-02
-2.025531e-03
-2.279883e-02
+4.712649e-02
-7.039187e-02
+9.201552e-02
-1.114187e-01
+1.280398e-01
-1.413533e-01
+1.508891e-01
-1.562538e-01
+1.571512e-01
-1.534026e-01
+1.449651e-01
-1.319475e-01
+1.146218e-01
-9.342936e-02
+6.898137e-02
-4.205116e-02
+1.355874e-02
+1.545356e-02
-4.385445e-02
+7.046553e-02
-9.411085e-02
+1.136726e-01
-1.281506e-01
+1.367235e-01
-1.388067e-01
+1.341053e-01
-1.226559e-01
+1.048546e-01
-8.146650e-02
+5.361367e-02
-2.273947e-02
-9.452060e-03
+4.108085e-02
-7.019676e-02
+9.490228e-02
-1.134851e-01
+1.245516e-01
-1.271521e-01
+1.208846e-01
-1.059691e-01
+8.327927e-02
-5.432554e-02
+2.118359e-02
+1.363191e-02
-4.734409e-02
+7.713157e-02
-1.003716e-01
+1.148891e-01
-1.191875e-01
+1.126377e-01
-9.559936e-02
+6.945587e-02
-3.654760e-02

eigenvalue = -3.973056e+00:
-2.961583e-02
+5.843328e-02
-8.567313e-02
+1.105940e-01
-1.325109e-01
+1.508119e-01
-1.649751e-01
+1.745823e-01
-1.793323e-01
+1.790513e-01
-1.737003e-01
+1.633809e-01
-1.483366e-01
+1.289518e-01
-1.057458e-01
+7.936420e-02
-5.056558e-02
+2.020407e-02
+1.079160e-02
-4.144306e-02
+7.075050e-02
-9.772366e-02
+1.214150e-01
-1.409539e-01
+1.555812e-01
-1.646828e-01
+1.678201e-01
-1.647575e-01
+1.554839e-01
-1.402272e-01
+1.194611e-01
-9.390147e-02
+6.449279e-02
-3.238303e-02
-1.112764e-03
+3.455987e-02
-6.646142e-02
+9.532415e-02
-1.197303e-01
+1.384124e-01
-1.503274e-01
+1.547255e-01
-1.512108e-01
+1.397867e-01
-1.208839e-01
+9.536613e-02
-6.451077e-02
+2.996245e-02
+6.340125e-03
-4.226306e-02
+7.559792e-02
-1.041986e-01
+1.261269e-01
-1.397969e-01
+1.441084e-01
-1.385573e-01
+1.233125e-01
-9.924939e-02
+6.793225e-02
-3.154098e-02
-7.257699e-03
+4.549038e-02
-8.009869e-02
+1.081879e-01
-1.272834e-01
+1.355726e-01
-1.321081e-01
+1.169492e-01
-9.122128e-02
+5.707795e-02
-1.756022e-02
-2.364492e-02
+6.253157e-02
-9.516232e-02
+1.180808e-01
-1.287065e-01
+1.256668e-01
-1.090206e-01
+8.033844e-02
-4.261388e-02

eigenvalue = -3.954478e+00:
+3.689081e-02
-7.210175e-02
+1.040265e-01
-1.312029e-01
+1.523778e-01
-1.665638e-01
+1.730853e-01
-1.716111e-01
+1.621741e-01
-1.451744e-01
+1.213668e-01
-9.183294e-02
+5.793719e-02
-2.126969e-02
-1.642325e-02
+5.331787e-02
-8.759810e-02
+1.175434e-01
-1.416154e-01
+1.585395e-01
-1.673766e-01
+1.675817e-01
-1.590456e-01
+1.421152e-01
-1.175924e-01
+8.670848e-02
-5.107329e-02
+1.260240e-02
+2.657773e-02
-6.424136e-02
+9.818747e-02
-1.263695e-01
+1.470238e-01
-1.587890e-01
+1.608078e-01
-1.528040e-01
+1.351277e-01
-1.087625e-01
+7.529175e-02
-3.682269e-02
-4.130814e-03
+4.480102e-02
-8.234770e-02
+1.140571e-01
-1.375453e-01
+1.509515e-01
-1.531044e-01
+1.436483e-01
-1.231130e-01
+9.291858e-02
-5.530772e-02
+1.320580e-02
+2.998711e-02
-7.065946e-02
+1.052888e-01
-1.307563e-01
+1.446465e-01
-1.455055e-01
+1.330263e-01
-1.081394e-01
+7.298948e-02
-3.079137e-02
-1.443205e-02
+5.821275e-02
-9.607269e-02
+1.239912e-01
-1.388564e-01
+1.388502e-01
-1.237160e-01
+9.487019e-02
-5.532895e-02
+9.443039e-03
+3.754425e-02
-8.007794e-02
+1.129511e-01
-1.319671e-01
+1.345197e-01
-1.200080e-01
+9.001781e-02
-4.822332e-02

eigenvalue = -3.932741e+00:
-4.362124e-02
+8.430794e-02
-1.193195e-01
+1.462910e-01
-1.633909e-01
+1.694452e-01
-1.640190e-01
+1.474507e-01
-1.208355e-01
+8.595876e-02
-4.518253e-02
+1.292354e-03
+4.268730e-02
-8.369687e-02
+1.188520e-01
-1.456464e-01
+1.621332e-01
-1.670723e-01
+1.600316e-01
-1.414348e-01
+1.125491e-01
-7.541262e-02
+3.270320e-02
+1.244313e-02
-5.665423e-02
+9.656907e-02
-1.290933e-01
+1.516437e-01
-1.623639e-01
+1.602905e-01
-1.454571e-01
+1.189229e-01
-8.271946e-02
+3.971671e-02
+6.587170e-03
-5.233731e-02
+9.363683e-02
-1.268800e-01
+1.490760e-01
-1.581349e-01
+1.530869e-01
-1.342125e-01
+1.030633e-01
-6.236810e-02
+1.582176e-02
+3.222825e-02
-7.717513e-02
+1.145927e-01
-1.406812e-01
+1.526740e-01
-1.491624e-01
+1.302962e-01
-9.783344e-02
+5.502070e-02
-6.306462e-03
-4.309363e-02
+8.774147e-02
-1.225774e-01
+1.435125e-01
-1.479422e-01
+1.351156e-01
-1.063046e-01
+6.473811e-02
-1.529279e-02
-3.604037e-02
+8.286072e-02
-1.191567e-01
+1.401009e-01
-1.427355e-01
+1.264479e-01
-9.315621e-02
+4.715720e-02
+5.366979e-03
-5.713785e-02
+1.007737e-01
-1.298557e-01
+1.399151e-01
-1.291844e-01
+9.898357e-02
-5.365112e-02

eigenvalue = -3.907986e+00:
-5.002281e-02
+9.544215e-02
-1.320742e-01
+1.565374e-01
-1.665626e-01
+1.612046e-01
-1.409339e-01
+1.076007e-01
-6.427220e-02
+1.495839e-02
+3.575232e-02
-8.311397e-02
+1.226638e-01
-1.506425e-01
+1.643550e-01
-1.624373e-01
+1.450027e-01
-1.136510e-01
+7.133674e-02
-2.210523e-02
-2.928155e-02
+7.779689e-02
-1.186373e-01
+1.477006e-01
-1.620064e-01
+1.600164e-01
-1.418188e-01
+1.091538e-01
-6.527119e-02
+1.462977e-02
+3.753840e-02
-8.575768e-02
+1.248814e-01
-1.506489e-01
+1.601657e-01
-1.522536e-01
+1.276253e-01
-8.885711e-02
+4.015271e-02
+1.308405e-02
-6.482973e-02
+1.091153e-01
-1.407204e-01
+1.558081e-01
-1.524215e-01
+1.307762e-01
-9.330164e-02
+4.441488e-02
+9.962381e-03
-6.309485e-02
+1.082580e-01
-1.395973e-01
+1.529139e-01
-1.462681e-01
+1.203130e-01
-7.829492e-02
+2.570459e-02
+3.039652e-02
-8.229807e-02
+1.226973e-01
-1.457476e-01
+1.479477e-01
-1.287334e-01
+9.066495e-02
-3.915996e-02
-1.821783e-02
+7.283077e-02
-1.162575e-01
+1.416128e-01
-1.446893e-01
+1.247270e-01
-8.466324e-02
+3.078882e-02
+2.816926e-02
-8.241940e-02
+1.227263e-01
-1.420169e-01
+1.366896e-01
-1.073773e-01
+5.899221e-02

eigenvalue = -3.880309e+00:
+5.618740e-02
-1.056489e-01
+1.424593e-01
-1.622009e-01
+1.624929e-01
-1.432802e-01
+1.068472e-01
-5.755379e-02
+1.321110e-03
+5.507116e-02
-1.047963e-01
+1.418043e-01
-1.615595e-01
+1.616028e-01
-1.418691e-01
+1.047171e-01
-5.466352e-02
-2.149471e-03
+5.869564e-02
-1.079258e-01
+1.436459e-01
-1.613039e-01
+1.585843e-01
-1.357326e-01
+9.556254e-02
-4.313511e-02
-1.485522e-02
+7.091894e-02
-1.177316e-01
+1.490946e-01
-1.607715e-01
+1.510861e-01
-1.211947e-01
+7.498694e-02
-1.861476e-02
-4.029825e-02
+9.367148e-02
-1.340740e-01
+1.557732e-01
-1.555776e-01
+1.333461e-01
-9.207943e-02
+3.756350e-02
+2.240121e-02
-7.908978e-02
+1.241150e-01
-1.506822e-01
+1.546481e-01
-1.352162e-01
+9.514673e-02
-4.042606e-02
-2.057563e-02
+7.835140e-02
-1.237301e-01
+1.493502e-01
-1.508970e-01
+1.278915e-01
-8.387855e-02
+2.595547e-02
+3.631364e-02
-9.244306e-02
+1.327893e-01
-1.502398e-01
+1.415282e-01
-1.079249e-01
+5.514896e-02
+7.523142e-03
-6.883154e-02
+1.175354e-01
-1.444953e-01
+1.444479e-01
-1.171229e-01
+6.745054e-02
-4.774269e-03
-5.883207e-02
+1.108572e-01
-1.408302e-01
+1.424933e-01
-1.152091e-01
+6.427225e-02

eigenvalue = -3.849782e+00:
+6.215982e-02
-1.149812e-01
+1.505241e-01
-1.634368e-01
+1.517625e-01
-1.172387e-01
+6.504553e-02
-3.037632e-03
-5.942924e-02
+1.129027e-01
-1.492613e-01
+1.629503e-01
-1.518393e-01
+1.175673e-01
-6.531845e-02
+3.055953e-03
+5.967634e-02
-1.132076e-01
+1.492298e-01
-1.620960e-01
+1.497230e-01
-1.139532e-01
+6.030888e-02
+2.832531e-03
-6.552606e-02
+1.178146e-01
-1.513127e-01
+1.605678e-01
-1.439758e-01
+1.040951e-01
-4.729224e-02
-1.723819e-02
+7.893700e-02
-1.275988e-01
+1.550696e-01
-1.566403e-01
+1.318961e-01
-8.486175e-02
+2.339867e-02
+4.206750e-02
-1.002911e-01
+1.411365e-01
-1.573655e-01
+1.459639e-01
-1.087596e-01
+5.219645e-02
+1.372259e-02
-7.716443e-02
+1.265760e-01
-1.528047e-01
+1.508391e-01
-1.208329e-01
+6.819349e-02
-2.682517e-03
-6.333871e-02
+1.172171e-01
-1.484448e-01
+1.507576e-01
-1.234670e-01
+7.173388e-02
-5.682566e-03
-6.151243e-02
+1.162236e-01
-1.471481e-01
+1.477006e-01
-1.175055e-01
+6.263768e-02
+5.496546e-03
-7.245645e-02
+1.238000e-01
-1.482253e-01
+1.401348e-01
-1.010282e-01
+3.936025e-02
+3.117698e-02
-9.462522e-02
+1.363617e-01
-1.465238e-01
+1.224469e-01
-6.949351e-02

eigenvalue = -3.816472e+00:
-6.796295e-02
+1.234518e-01
-1.562771e-01
+1.604017e-01
-1.350529e-01
+8.487175e-02
-1.907231e-02
-5.024026e-02
+1.102882e-01
-1.499726e-01
+1.619270e-01
-1.438945e-01
+9.916905e-02
-3.601335e-02
-3.384865e-02
+9.739399e-02
-1.427228e-01
+1.612921e-01
-1.495428e-01
+1.096077e-01
-4.895511e-02
-2.097833e-02
+8.692237e-02
-1.362829e-01
+1.595549e-01
-1.521761e-01
+1.154576e-01
-5.639473e-02
-1.362465e-02
+8.098635e-02
-1.324849e-01
+1.579223e-01
-1.521582e-01
+1.161957e-01
-5.706552e-02
-1.349674e-02
+8.134202e-02
-1.327312e-01
+1.571313e-01
-1.494150e-01
+1.109974e-01
-4.964916e-02
-2.201248e-02
+8.907589e-02
-1.374258e-01
+1.567368e-01
-1.427326e-01
+9.820800e-02
-3.255555e-02
-4.014401e-02
+1.040993e-01
-1.452353e-01
+1.543294e-01
-1.291531e-01
+7.510736e-02
-4.160718e-03
-6.772852e-02
+1.241691e-01
-1.520914e-01
+1.448381e-01
-1.038505e-01
+3.850251e-02
+3.594196e-02
-1.018332e-01
+1.433136e-01
-1.501859e-01
+1.205208e-01
-6.131534e-02
-1.303240e-02
+8.413720e-02
-1.341451e-01
+1.502576e-01
-1.281085e-01
+7.308313e-02
+8.448096e-04
-7.455251e-02
+1.286708e-01
-1.487095e-01
+1.290449e-01
-7.464938e-02

eigenvalue = -3.780441e+00:
-7.360820e-02
+1.310541e-01
-1.597187e-01
+1.532960e-01
-1.131823e-01
+4.817953e-02
+2.742521e-02
-9.699008e-02
+1.451748e-01
-1.613238e-01
+1.418316e-01
-9.096354e-02
+1.994401e-02
+5.550063e-02
-1.186104e-01
+1.553122e-01
-1.573685e-01
+1.242493e-01
-6.329787e-02
-1.186457e-02
+8.435694e-02
-1.378177e-01
+1.601044e-01
-1.460771e-01
+9.882301e-02
-2.902429e-02
-4.741611e-02
+1.129717e-01
-1.525085e-01
+1.568013e-01
-1.247313e-01
+6.363112e-02
+1.233359e-02
-8.540611e-02
+1.383727e-01
-1.586331e-01
+1.412442e-01
-9.019145e-02
+1.754988e-02
+5.931107e-02
-1.218480e-01
+1.548225e-01
-1.500581e-01
+1.085411e-01
-4.031047e-02
-3.789039e-02
+1.066723e-01
-1.488010e-01
+1.535563e-01
-1.195396e-01
+5.517750e-02
+2.326799e-02
-9.574173e-02
+1.435054e-01
-1.540210e-01
+1.243289e-01
-6.199093e-02
-1.672049e-02
+9.098920e-02
-1.409357e-01
+1.529788e-01
-1.236256e-01
+6.061066e-02
+1.901179e-02
-9.339183e-02
+1.418543e-01
-1.506952e-01
+1.171702e-01
-5.048751e-02
-3.057743e-02
+1.028736e-01
-1.454693e-01
+1.457815e-01
-1.034295e-01
+3.059936e-02
+5.131015e-02
-1.178887e-01
+1.489958e-01
-1.349549e-01
+7.972995e-02

eigenvalue = -3.741754e+00:
+7.910049e-02
-1.377725e-01
+1.608577e-01
-1.423822e-01
+8.710581e-02
-9.304792e-03
-7.090375e-02
+1.327540e-01
-1.602045e-01
+1.461048e-01
-9.407371e-02
+1.759228e-02
+6.346703e-02
-1.279891e-01
+1.591144e-01
-1.486579e-01
+9.928901e-02
-2.388555e-02
-5.779243e-02
+1.242595e-01
-1.579553e-01
+1.499042e-01
-1.021457e-01
+2.726718e-02
+5.486839e-02
-1.223640e-01
+1.571249e-01
-1.497377e-01
+1.020709e-01
-2.686721e-02
-5.560654e-02
+1.229871e-01
-1.568791e-01
+1.479143e-01
-9.840558e-02
+2.183045e-02
+6.077041e-02
-1.265363e-01
+1.571183e-01
-1.438470e-01
+9.027055e-02
-1.130057e-02
-7.086118e-02
+1.329260e-01
-1.571331e-01
+1.363964e-01
-7.647678e-02
-5.510047e-03
+8.589978e-02
-1.412771e-01
+1.553252e-01
-1.237194e-01
+5.557449e-02
+2.906369e-02
-1.050337e-01
+1.495208e-01
-1.489627e-01
+1.032966e-01
-2.618782e-02
-5.893430e-02
+1.259265e-01
-1.539711e-01
+1.341344e-01
-7.235511e-02
-1.217498e-02
+9.285532e-02
-1.440077e-01
+1.491031e-01
-1.062356e-01
+2.899512e-02
+5.768217e-02
-1.254746e-01
+1.519410e-01
-1.280624e-01
+6.149251e-02
+2.570234e-02
-1.042232e-01
+1.473523e-01
-1.401307e-01
+8.472425e-02

eigenvalue = -3.700473e+00:
-8.444083e-02
+1.435882e-01
-1.597192e-01
+1.279903e-01
-5.789672e-02
-2.955830e-02
+1.081452e-01
-1.542670e-01
+1.540463e-01
-1.075134e-01
+2.862989e-02
+5.887658e-02
-1.286316e-01
+1.595599e-01
-1.422666e-01
+8.192163e-02
+3.248779e-03
-8.743321e-02
+1.450405e-01
-1.584860e-01
+1.235910e-01
-5.092965e-02
-3.732468e-02
+1.141284e-01
-1.558459e-01
+1.495472e-01
-9.706832e-02
+1.454424e-02
+7.249266e-02
-1.369797e-01
+1.587466e-01
-1.308719e-01
+6.195929e-02
+2.643740e-02
-1.064962e-01
+1.528669e-01
-1.507323e-01
+1.006187e-01
-1.837400e-02
-6.975752e-02
+1.354638e-01
-1.574713e-01
+1.285016e-01
-5.778289e-02
-3.177785e-02
+1.109376e-01
-1.536484e-01
+1.456816e-01
-8.947499e-02
+3.521312e-03
+8.360785e-02
-1.427112e-01
+1.537752e-01
-1.128542e-01
+3.361611e-02
+5.708580e-02
-1.282333e-01
+1.552564e-01
-1.286116e-01
+5.730299e-02
+3.399920e-02
-1.133823e-01
+1.528257e-01
-1.381733e-01
+7.437069e-02
+1.601814e-02
-1.006520e-01
+1.489399e-01
-1.431692e-01
+8.516531e-02
+4.072330e-03
-9.180860e-02
+1.455171e-01
-1.450020e-01
+9.016289e-02
-1.360521e-03
-8.795716e-02
+1.437757e-01
-1.445305e-01
+8.962122e-02

eigenvalue = -3.656666e+00:
+8.962790e-02
-1.484822e-01
+1.563494e-01
-1.105171e-01
+2.671620e-02
+6.626642e-02
-1.364648e-01
+1.597183e-01
-1.279949e-01
+5.218418e-02
+4.161474e-02
-1.210568e-01
+1.586968e-01
-1.414828e-01
+7.531250e-02
+1.694762e-02
-1.033295e-01
+1.538252e-01
-1.508238e-01
+9.529242e-02
-6.521062e-03
-8.452865e-02
+1.459956e-01
-1.562778e-01
+1.116696e-01
-2.776408e-02
-6.593128e-02
+1.363309e-01
-1.584572e-01
+1.243517e-01
-4.601679e-02
-4.872388e-02
+1.260516e-01
-1.582184e-01
+1.335545e-01
-6.079252e-02
-3.392239e-02
+1.163535e-01
-1.565318e-01
+1.397014e-01
-7.184053e-02
-2.234222e-02
+1.083135e-01
-1.543498e-01
+1.432935e-01
-7.905916e-02
-1.461364e-02
+1.028263e-01
-1.524853e-01
+1.447686e-01
-8.238334e-02
-1.122636e-02
+1.005653e-01
-1.515016e-01
+1.443622e-01
-8.166796e-02
-1.257891e-02
+1.019464e-01
-1.516078e-01
+1.419777e-01
-7.659055e-02
-1.900216e-02
+1.070688e-01
-1.525457e-01
+1.370774e-01
-6.660127e-02
-3.072104e-02
+1.156040e-01
-1.534635e-01
+1.286112e-01
-5.095756e-02
-4.771523e-02
+1.266127e-01
-1.527842e-01
+1.150230e-01
-2.889528e-02
-6.944265e-02
+1.382907e-01
-1.481175e-01
+9.441007e-02

eigenvalue = -3.610400e+00:
-9.465882e-02
+1.524373e-01
-1.508178e-01
+9.042117e-02
+5.223407e-03
-9.883116e-02
+1.538855e-01
-1.488827e-01
+8.574444e-02
+1.089507e-02
-1.032749e-01
+1.552475e-01
-1.464290e-01
+8.022231e-02
+1.745462e-02
-1.082774e-01
+1.565350e-01
-1.431861e-01
+7.341555e-02
+2.532127e-02
-1.140540e-01
+1.576613e-01
-1.387971e-01
+6.485038e-02
+3.487445e-02
-1.207132e-01
+1.584028e-01
-1.327946e-01
+5.402155e-02
+4.642149e-02
-1.282056e-01
+1.583508e-01
-1.245782e-01
+4.040905e-02
+6.014429e-02
-1.362548e-01
+1.568581e-01
-1.134039e-01
+2.352124e-02
+7.601602e-02
-1.442691e-01
+1.529882e-01
-9.840125e-02
+2.981365e-03
+9.367923e-02
-1.512402e-01
+1.454881e-01
-7.864535e-02
-2.132323e-02
+1.122820e-01
-1.556452e-01
+1.328157e-01
-5.331494e-02
-4.901169e-02
+1.302829e-01
-1.553898e-01
+1.132723e-01
-2.197567e-02
-7.889679e-02
+1.452637e-01
-1.478624e-01
+8.530668e-02
+1.498273e-02
-1.086192e-01
+1.538346e-01
-1.302005e-01
+4.806042e-02
+5.576345e-02
-1.343249e-01
+1.517807e-01
-9.990089e-02
+2.191569e-03
+9.652743e-02
-1.505832e-01
+1.346605e-01
-5.588360e-02
-4.909329e-02
+1.309506e-01
-1.508609e-01
+9.908057e-02

eigenvalue = -3.561749e+00:
+9.952977e-02
-1.554391e-01
+1.432186e-01
-6.821466e-02
-3.669940e-02
+1.255173e-01
-1.592651e-01
+1.231078e-01
-3.289022e-02
-7.177807e-02
+1.448911e-01
-1.542649e-01
+9.572723e-02
+4.984929e-03
-1.034990e-01
+1.563351e-01
-1.401082e-01
+6.192323e-02
+4.367487e-02
-1.299161e-01
+1.585086e-01
-1.166757e-01
+2.293484e-02
+8.102365e-02
-1.488332e-01
+1.501405e-01
-8.425625e-02
-1.939597e-02
+1.143393e-01
-1.578542e-01
+1.302405e-01
-4.383191e-02
-6.240180e-02
+1.403557e-01
-1.545728e-01
+9.845086e-02
+2.567559e-03
-1.024125e-01
+1.553465e-01
-1.369585e-01
+5.554235e-02
+5.149605e-02
-1.347202e-01
+1.554861e-01
-1.039808e-01
+4.017409e-03
+9.782318e-02
-1.538284e-01
+1.375565e-01
-5.646971e-02
-5.130149e-02
+1.347594e-01
-1.541603e-01
+1.000602e-01
+1.893841e-03
-1.029393e-01
+1.544433e-01
-1.313791e-01
+4.467532e-02
+6.374072e-02
-1.410746e-01
+1.493816e-01
-8.434506e-02
-2.224793e-02
+1.178407e-01
-1.549601e-01
+1.149087e-01
-1.742262e-02
-8.880402e-02
+1.503125e-01
-1.358431e-01
+5.244677e-02
+5.766394e-02
-1.382881e-01
+1.479196e-01
-8.131165e-02
-2.737373e-02
+1.218362e-01
-1.527358e-01
+1.036229e-01

eigenvalue = -3.510786e+00:
+1.042363e-01
-1.574773e-01
+1.336697e-01
-4.445254e-02
-6.652117e-02
+1.449290e-01
-1.523641e-01
+8.515811e-02
+2.378309e-02
-1.210629e-01
+1.589510e-01
-1.188143e-01
+2.031736e-02
+8.816620e-02
-1.532806e-01
+1.429350e-01
-6.216169e-02
-4.926838e-02
+1.363767e-01
-1.560924e-01
+9.858907e-02
+7.741757e-03
-1.102338e-01
+1.579981e-01
-1.272192e-01
+3.311221e-02
+7.750073e-02
-1.494243e-01
+1.466404e-01
-7.042643e-02
-4.111061e-02
+1.319938e-01
-1.564498e-01
+1.020314e-01
+3.920185e-03
-1.078880e-01
+1.571576e-01
-1.265922e-01
+3.158871e-02
+7.952751e-02
-1.499923e-01
+1.436202e-01
-6.351189e-02
-4.927821e-02
+1.366521e-01
-1.533780e-01
+9.061735e-02
+1.922037e-02
-1.190478e-01
+1.567145e-01
-1.123401e-01
+8.999166e-03
+9.907804e-02
-1.548672e-01
+1.286986e-01
-3.422847e-02
-7.845910e-02
+1.492667e-01
-1.401630e-01
+5.579684e-02
+5.862127e-02
-1.413689e-01
+1.475026e-01
-7.344531e-02
-4.066903e-02
+1.325305e-01
-1.516372e-01
+8.722343e-02
+2.539372e-02
-1.239295e-01
+1.535073e-01
-9.737232e-02
-1.332278e-02
+1.165263e-01
-1.539705e-01
+1.042098e-01
+4.788453e-03
-1.110547e-01
+1.537232e-01
-1.080279e-01

eigenvalue = -3.457591e+00:
+1.087736e-01
-1.585459e-01
+1.223128e-01
-1.972104e-02
-9.357194e-02
+1.560786e-01
-1.338497e-01
+3.892959e-02
+7.714047e-02
-1.512831e-01
+1.431609e-01
-5.714935e-02
-5.997345e-02
+1.444271e-01
-1.501538e-01
+7.397238e-02
+4.259213e-02
-1.358854e-01
+1.548693e-01
-8.908379e-02
-2.551040e-02
+1.261132e-01
-1.574738e-01
+1.022764e-01
+9.204651e-03
-1.156141e-01
+1.582414e-01
-1.134547e-01
+5.908976e-03
+1.049100e-01
-1.575296e-01
+1.226272e-01
-1.948814e-02
-9.451256e-02
+1.557501e-01
-1.298901e-01
+3.126748e-02
+8.490212e-02
-1.533383e-01
+1.354031e-01
-4.105228e-02
-7.651233e-02
+1.507246e-01
-1.393595e-01
+4.870367e-02
+6.972237e-02
-1.483066e-01
+1.419541e-01
-5.411790e-02
-6.485469e-02
+1.464254e-01
-1.433494e-01
+5.720223e-02
+6.217604e-02
-1.453424e-01
+1.436428e-01
-5.785077e-02
-6.189828e-02
+1.452168e-01
-1.428343e-01
+5.592363e-02
+6.417500e-02
-1.460806e-01
+1.407975e-01
-5.123364e-02
-6.908911e-02
+1.478090e-01
-1.372543e-01
+4.354563e-02
+7.662646e-02
-1.500852e-01
+1.317581e-01
-3.259470e-02
-8.663099e-02
+1.523598e-01
-1.236912e-01
+1.813102e-02
+9.873815e-02
-1.538105e-01
+1.122869e-01

eigenvalue = -3.402244e+00:
-1.131367e-01
+1.586436e-01
-1.093116e-01
-5.375605e-03
+1.168483e-01
-1.584342e-01
+1.052367e-01
+1.093742e-02
-1.205640e-01
+1.579887e-01
-1.007580e-01
-1.686879e-02
+1.243788e-01
-1.572522e-01
+9.570432e-02
+2.334683e-02
-1.283603e-01
+1.561367e-01
-8.988744e-02
-3.053772e-02
+1.325412e-01
-1.545155e-01
+8.310134e-02
+3.859023e-02
-1.369093e-01
+1.522162e-01
-7.512338e-02
-4.762618e-02
+1.413947e-01
-1.490124e-01
+6.571738e-02
+5.772698e-02
-1.458538e-01
+1.446168e-01
-5.464089e-02
-6.891511e-02
+1.500515e-01
-1.386758e-01
+4.165886e-02
+8.112910e-02
-1.536410e-01
+1.307702e-01
-2.656636e-02
-9.419152e-02
+1.561444e-01
-1.204236e-01
+9.223390e-03
+1.077696e-01
-1.569366e-01
+1.071249e-01
+1.039506e-02
-1.213304e-01
+1.552394e-01
-9.037129e-02
-3.213170e-02
+1.340944e-01
-1.501329e-01
+6.973737e-02
+5.556220e-02
-1.449960e-01
+1.405972e-01
-4.497909e-02
-7.989730e-02
+1.526646e-01
-1.255979e-01
+1.617515e-02
+1.038830e-01
-1.554475e-01
+1.042324e-01
+1.609560e-02
-1.257205e-01
+1.515016e-01
-7.594824e-02
-5.055550e-02
+1.430418e-01
-1.389868e-01
+4.083933e-02
+8.504158e-02
-1.529910e-01
+1.163915e-01

eigenvalue = -3.344828e+00:
+1.173204e-01
-1.577742e-01
+9.485012e-02
+3.022882e-02
-1.354960e-01
+1.519436e-01
-6.876697e-02
-5.951008e-02
+1.487456e-01
-1.403619e-01
+3.982448e-02
+8.687087e-02
-1.564793e-01
+1.232041e-01
-8.877827e-03
-1.112924e-01
+1.581561e-01
-1.007734e-01
-2.308103e-02
+1.316992e-01
-1.533091e-01
+7.354778e-02
+5.488826e-02
-1.469648e-01
+1.415929e-01
-4.223942e-02
-8.517982e-02
+1.559398e-01
-1.228554e-01
+7.862275e-03
+1.123791e-01
-1.575114e-01
+9.723417e-02
+2.820064e-02
-1.347120e-01
+1.507002e-01
-6.527472e-02
-6.414270e-02
+1.502651e-01
-1.348029e-01
+2.806296e-02
+9.771011e-02
-1.571019e-01
+1.095803e-01
+1.264533e-02
-1.262349e-01
+1.534548e-01
-7.548547e-02
-5.432550e-02
+1.467547e-01
-1.380016e-01
+3.391000e-02
+9.365628e-02
-1.562528e-01
+1.102268e-01
+1.259060e-02
-1.266174e-01
+1.520449e-01
-7.084076e-02
-6.015895e-02
+1.487734e-01
-1.323219e-01
+2.219956e-02
+1.036760e-01
-1.558007e-01
+9.681964e-02
+3.138024e-02
-1.370884e-01
+1.442846e-01
-4.752663e-02
-8.356398e-02
+1.541274e-01
-1.127507e-01
-1.073914e-02
+1.263864e-01
-1.494768e-01
+6.279087e-02
+7.014064e-02
-1.512643e-01
+1.203340e-01

eigenvalue = -3.285432e+00:
-1.213198e-01
+1.559467e-01
-7.913048e-02
-5.423965e-02
+1.488400e-01
-1.370329e-01
+2.723884e-02
+1.020375e-01
-1.583116e-01
+1.012853e-01
+2.825518e-02
-1.375585e-01
+1.482952e-01
-5.272105e-02
-8.066760e-02
+1.561648e-01
-1.195232e-01
-2.999719e-03
+1.233658e-01
-1.549677e-01
+7.498429e-02
+5.903408e-02
-1.504766e-01
+1.333014e-01
-1.982003e-02
-1.079941e-01
+1.576376e-01
-9.306196e-02
-3.901364e-02
+1.427613e-01
-1.427337e-01
+3.883166e-02
+9.336375e-02
-1.574497e-01
+1.065304e-01
+2.230229e-02
-1.348020e-01
+1.484450e-01
-5.307354e-02
-8.132989e-02
+1.558325e-01
-1.153889e-01
-1.030013e-02
+1.283678e-01
-1.512988e-01
+6.191381e-02
+7.350994e-02
-1.541783e-01
+1.198030e-01
+4.125517e-03
-1.249646e-01
+1.520494e-01
-6.484467e-02
-7.119456e-02
+1.535126e-01
-1.197654e-01
-4.714393e-03
+1.256154e-01
-1.509590e-01
+6.122381e-02
+7.528337e-02
-1.541528e-01
+1.147411e-01
+1.290795e-02
-1.306081e-01
+1.474104e-01
-5.006961e-02
-8.613245e-02
+1.553237e-01
-1.033816e-01
-2.938255e-02
+1.391190e-01
-1.395526e-01
+3.006498e-02
+1.031645e-01
-1.547157e-01
+8.345356e-02
+5.422914e-02
-1.486356e-01
+1.241071e-01

eigenvalue = -3.224144e+00:
-1.251299e-01
+1.531753e-01
-6.237043e-02
-7.683260e-02
+1.564078e-01
-1.145794e-01
-1.620255e-02
+1.344028e-01
-1.482079e-01
+4.686040e-02
+9.090830e-02
-1.579944e-01
+1.021876e-01
+3.313895e-02
-1.426653e-01
+1.410637e-01
-2.952163e-02
-1.050420e-01
+1.576413e-01
-8.715314e-02
-5.143152e-02
+1.498016e-01
-1.309527e-01
+9.553162e-03
+1.193337e-01
-1.546118e-01
+6.849973e-02
+7.144325e-02
-1.551883e-01
+1.167393e-01
+1.372375e-02
-1.333582e-01
+1.476527e-01
-4.518436e-02
-9.305704e-02
+1.575359e-01
-9.698902e-02
-4.062871e-02
+1.459197e-01
-1.349535e-01
+1.632100e-02
+1.153506e-01
-1.547356e-01
+7.014347e-02
+7.073265e-02
-1.547657e-01
+1.142306e-01
+1.839227e-02
-1.361641e-01
+1.438077e-01
-3.494553e-02
-1.022761e-01
+1.563526e-01
-8.309748e-02
-5.795322e-02
+1.516358e-01
-1.211479e-01
-8.732633e-03
+1.314349e-01
-1.458866e-01
+3.994709e-02
+9.902459e-02
-1.559459e-01
+8.338538e-02
+5.855534e-02
-1.516719e-01
+1.180501e-01
+1.443074e-02
-1.348001e-01
+1.417805e-01
-2.922981e-02
-1.080202e-01
+1.537807e-01
-6.898818e-02
-7.451133e-02
+1.544515e-01
-1.023221e-01
-3.751636e-02
+1.451166e-01
-1.277038e-01

eigenvalue = -3.161059e+00:
+1.287456e-01
-1.494795e-01
+4.480056e-02
+9.746892e-02
-1.579463e-01
+8.586180e-02
+5.829811e-02
-1.535101e-01
+1.198014e-01
+1.454685e-02
-1.366712e-01
+1.439095e-01
-3.013195e-02
-1.089944e-01
+1.563878e-01
-7.209830e-02
-7.293064e-02
+1.564859e-01
-1.080632e-01
-3.155337e-02
+1.445254e-01
-1.353747e-01
+1.175385e-02
+1.218131e-01
-1.522235e-01
+5.362225e-02
+9.046221e-02
-1.577495e-01
+9.099774e-02
+5.314563e-02
-1.520468e-01
+1.213853e-01
+1.281646e-02
-1.360745e-01
+1.430162e-01
-2.757246e-02
-1.114931e-01
+1.549288e-01
-6.531941e-02
-8.045193e-02
+1.569631e-01
-9.817196e-02
-4.535518e-02
+1.496816e-01
-1.244589e-01
-8.634793e-03
+1.342337e-01
-1.431509e-01
+2.744857e-02
+1.121855e-01
-1.538553e-01
+6.096007e-02
+8.533821e-02
-1.567545e-01
+9.039271e-02
+5.555409e-02
-1.525044e-01
+1.147157e-01
+2.460642e-02
-1.421102e-01
+1.333741e-01
-5.937139e-03
-1.267938e-01
+1.462489e-01
-3.479255e-02
-1.078692e-01
+1.535895e-01
-6.099952e-02
-8.663459e-02
+1.559294e-01
-8.392768e-02
-6.428797e-02
+1.539982e-01
-1.032557e-01
-4.186855e-02
+1.486369e-01
-1.189308e-01
-2.022397e-02
+1.407242e-01
-1.311176e-01

eigenvalue = -3.096269e+00:
-1.321625e-01
+1.448839e-01
-2.666133e-02
-1.156592e-01
+1.534295e-01
-5.248834e-02
-9.591410e-02
+1.575716e-01
-7.668846e-02
-7.358556e-02
+1.572571e-01
-9.854960e-02
-4.941487e-02
+1.526071e-01
-1.174733e-01
-2.418727e-02
+1.439041e-01
-1.329999e-01
+1.308531e-03
+1.315719e-01
-1.448249e-01
+2.631906e-02
+1.161468e-01
-1.528044e-01
+5.016068e-02
+9.824486e-02
-1.569525e-01
+7.224783e-02
+7.852639e-02
-1.574280e-01
+9.211356e-02
+5.766101e-02
-1.545156e-01
+1.094215e-01
+3.629526e-02
-1.486010e-01
+1.239697e-01
+1.502486e-02
-1.401434e-01
+1.356861e-01
-5.627079e-03
-1.296470e-01
+1.446180e-01
-2.522527e-02
-1.176342e-01
+1.509165e-01
-4.343036e-02
-1.046211e-01
+1.548168e-01
-6.000078e-02
-9.109737e-02
+1.566178e-01
-7.478866e-02
-7.751103e-02
+1.566612e-01
-8.773116e-02
-6.425821e-02
+1.553116e-01
-9.883825e-02
-5.167782e-02
+1.529391e-01
-1.081782e-01
-4.005082e-02
+1.499042e-01
-1.158619e-01
-2.960317e-02
+1.465461e-01
-1.220269e-01
-2.051183e-02
+1.431738e-01
-1.268217e-01
-1.291266e-02
+1.400593e-01
-1.303917e-01
-6.909427e-03
+1.374331e-01
-1.328652e-01
-2.583042e-03
+1.354814e-01
-1.343424e-01

eigenvalue = -3.029875e+00:
+1.353759e-01
-1.394183e-01
+8.199930e-03
+1.309744e-01
-1.430585e-01
+1.630881e-02
+1.262705e-01
-1.462667e-01
+2.423754e-02
+1.213320e-01
-1.490279e-01
+3.190071e-02
+1.162372e-01
-1.513410e-01
+3.921820e-02
+1.110722e-01
-1.532186e-01
+4.611639e-02
+1.059295e-01
-1.546859e-01
+5.252892e-02
+1.009055e-01
-1.557790e-01
+5.839699e-02
+9.609883e-02
-1.565429e-01
+6.366911e-02
+9.160834e-02
-1.570290e-01
+6.830037e-02
+8.753141e-02
-1.572929e-01
+7.225115e-02
+8.396256e-02
-1.573907e-01
+7.548535e-02
+8.099216e-02
-1.573762e-01
+7.796830e-02
+7.870532e-02
-1.572975e-01
+7.966432e-02
+7.718092e-02
-1.571934e-01
+8.053406e-02
+7.649048e-02
-1.570895e-01
+8.053191e-02
+7.669688e-02
-1.569940e-01
+7.960346e-02
+7.785262e-02
-1.568942e-01
+7.768330e-02
+7.999747e-02
-1.567512e-01
+7.469353e-02
+8.315512e-02
-1.564957e-01
+7.054311e-02
+8.732871e-02
-1.560233e-01
+6.512866e-02
+9.249479e-02
-1.551898e-01
+5.833704e-02
+9.859573e-02
-1.538070e-01
+5.005038e-02
+1.055301e-01
-1.516399e-01
+4.015422e-02
+1.131415e-01
-1.484052e-01
+2.854953e-02
+1.212056e-01
-1.437728e-01
+1.516925e-02
+1.294164e-01
-1.373725e-01

eigenvalue = -2.961975e+00:
-1.383815e-01
+1.331176e-01
+1.033299e-02
-1.430564e-01
+1.272523e-01
+2.068654e-02
-1.471420e-01
+1.207615e-01
+3.107852e-02
-1.506237e-01
+1.136111e-01
+4.152127e-02
-1.534715e-01
+1.057587e-01
+5.201865e-02
-1.556388e-01
+9.715538e-02
+6.256288e-02
-1.570612e-01
+8.774833e-02
+7.313103e-02
-1.576561e-01
+7.748351e-02
+8.368121e-02
-1.573215e-01
+6.630939e-02
+9.414847e-02
-1.559364e-01
+5.418139e-02
+1.044403e-01
-1.533609e-01
+4.106742e-02
+1.144320e-01
-1.494387e-01
+2.695459e-02
+1.239620e-01
-1.439991e-01
+1.185739e-02
+1.328275e-01
-1.368628e-01
-4.172800e-03
+1.407807e-01
-1.278481e-01
-2.103666e-02
+1.475262e-01
-1.167819e-01
-3.857467e-02
+1.527209e-01
-1.035122e-01
-5.655393e-02
+1.559763e-01
-8.792625e-02
-7.465477e-02
+1.568656e-01
-6.997141e-02
-9.245839e-02
+1.549367e-01
-4.968163e-02
-1.094368e-01
+1.497314e-01
-2.720693e-02
-1.249478e-01
+1.408151e-01
-2.846207e-03
-1.382370e-01
+1.278151e-01
+2.291947e-02
-1.484517e-01
+1.104711e-01
+4.939596e-02
-1.546686e-01
+8.869613e-02
+7.565247e-02
-1.559417e-01
+6.264572e-02
+1.005119e-01
-1.513719e-01
+3.279291e-02
+1.225627e-01
-1.402025e-01

eigenvalue = -2.892672e+00:
-1.411754e-01
+1.260214e-01
+2.868657e-02
-1.516255e-01
+1.066320e-01
+5.647470e-02
-1.570175e-01
+8.358485e-02
+8.247701e-02
-1.571181e-01
+5.756239e-02
+1.058293e-01
-1.518242e-01
+2.934791e-02
+1.257051e-01
-1.411733e-01
-1.793654e-04
+1.413327e-01
-1.253562e-01
-3.005149e-02
+1.520175e-01
-1.047306e-01
-5.922271e-02
+1.571673e-01
-7.983432e-02
-8.658592e-02
+1.563242e-01
-5.139708e-02
-1.109962e-01
+1.491998e-01
-2.034827e-02
-1.313037e-01
+1.357150e-01
+1.218207e-02
-1.463965e-01
+1.160419e-01
+4.487208e-02
-1.552553e-01
+9.064467e-02
+7.623057e-02
-1.570205e-01
+6.031645e-02
+1.046372e-01
-1.510691e-01
+2.620608e-02
+1.284037e-01
-1.371014e-01
-1.017153e-02
+1.458597e-01
-1.152294e-01
-4.694933e-02
+1.554646e-01
-8.606309e-02
-8.195473e-02
+1.559436e-01
-5.078082e-02
-1.127975e-01
+1.464448e-01
-1.117194e-02
-1.370054e-01
+1.267071e-01
+3.036496e-02
-1.522119e-01
+9.722324e-02
+7.088609e-02
-1.563930e-01
+5.937656e-02
+1.070455e-01
-1.481432e-01
+1.552279e-02
+1.353298e-01
-1.269699e-01
-3.101631e-02
+1.523900e-01
-9.357095e-02
-7.608183e-02
+1.554590e-01
-5.004845e-02
-1.149590e-01
+1.428274e-01

eigenvalue = -2.822070e+00:
+1.437537e-01
-1.181737e-01
-4.661312e-02
+1.564872e-01
-8.199601e-02
-8.910883e-02
+1.552057e-01
-3.837686e-02
-1.236909e-01
+1.399221e-01
+8.857102e-03
-1.471885e-01
+1.118515e-01
+5.549806e-02
-1.573256e-01
+7.334904e-02
+9.728507e-02
-1.529385e-01
+2.776143e-02
+1.302542e-01
-1.341248e-01
-2.080552e-02
+1.510903e-01
-1.023049e-01
-6.779678e-02
+1.574574e-01
-6.018416e-02
-1.085836e-01
+1.482798e-01
-1.160217e-02
-1.388852e-01
+1.239447e-01
+3.873494e-02
-1.552089e-01
+8.639651e-02
+8.563672e-02
-1.552735e-01
+3.909309e-02
+1.239106e-01
-1.383710e-01
-1.319683e-02
+1.489154e-01
-1.056187e-01
-6.476827e-02
+1.571427e-01
-6.004904e-02
-1.095212e-01
+1.467645e-01
-6.491027e-03
-1.416422e-01
+1.180734e-01
+4.879026e-02
-1.563727e-01
+7.373373e-02
+9.870777e-02
-1.507826e-01
+1.875975e-02
+1.361968e-01
-1.244382e-01
-3.984180e-02
+1.552235e-01
-7.983984e-02
-9.379948e-02
+1.518427e-01
-2.249440e-02
-1.346545e-01
+1.251438e-01
+3.948349e-02
-1.550976e-01
+7.788843e-02
+9.630314e-02
-1.503971e-01
+1.663891e-02
+1.379350e-01
-1.196700e-01
-4.879167e-02
+1.559143e-01
-6.670025e-02
-1.066486e-01
+1.452427e-01

eigenvalue = -2.750276e+00:
-1.461130e-01
+1.096232e-01
+6.387138e-02
-1.575365e-01
+5.428993e-02
+1.168226e-01
-1.418815e-01
-1.046765e-02
+1.497259e-01
-1.017018e-01
-7.356097e-02
+1.567708e-01
-4.375078e-02
-1.240470e-01
+1.364868e-01
+2.206545e-02
-1.529645e-01
+9.209382e-02
+8.427801e-02
-1.549083e-01
+3.109604e-02
+1.317658e-01
-1.290820e-01
-3.585531e-02
+1.557000e-01
-7.962788e-02
-9.669551e-02
+1.512093e-01
-1.512708e-02
-1.400343e-01
+1.184627e-01
+5.271617e-02
-1.572739e-01
+6.293333e-02
+1.110545e-01
-1.443887e-01
-5.289920e-03
+1.482583e-01
-1.030081e-01
-7.312294e-02
+1.562656e-01
-4.051613e-02
-1.268477e-01
+1.324697e-01
+3.097683e-02
-1.548504e-01
+8.070906e-02
+9.674191e-02
-1.502347e-01
+1.102759e-02
+1.423391e-01
-1.127428e-01
-6.193275e-02
+1.568230e-01
-4.945496e-02
-1.217703e-01
+1.355780e-01
+2.609172e-02
-1.539500e-01
+8.206219e-02
+9.643316e-02
-1.494915e-01
+7.844143e-03
+1.440333e-01
-1.078162e-01
-6.938997e-02
+1.557316e-01
-3.786221e-02
-1.297261e-01
+1.267204e-01
+4.316831e-02
-1.561235e-01
+6.286533e-02
+1.135526e-01
-1.395315e-01
-1.963172e-02
+1.527052e-01
-8.251979e-02
-9.767940e-02
+1.474440e-01

eigenvalue = -2.677398e+00:
+1.482501e-01
-1.004223e-01
-8.022969e-02
+1.547599e-01
-2.457044e-02
-1.381243e-01
+1.180674e-01
+5.822502e-02
-1.574578e-01
+4.826172e-02
+1.248316e-01
-1.326153e-01
-3.526024e-02
+1.564187e-01
-7.027701e-02
-1.090301e-01
+1.437510e-01
+1.222333e-02
-1.519767e-01
+8.997285e-02
+9.152292e-02
-1.514167e-01
+1.004119e-02
+1.446876e-01
-1.069091e-01
-7.318414e-02
+1.558053e-01
-3.080008e-02
-1.352726e-01
+1.208730e-01
+5.488575e-02
-1.573290e-01
+4.947870e-02
+1.245513e-01
-1.318745e-01
-3.743574e-02
+1.565679e-01
-6.568287e-02
-1.133755e-01
+1.401177e-01
+2.153522e-02
-1.542091e-01
+7.919427e-02
+1.025717e-01
-1.459522e-01
-7.758132e-03
+1.509823e-01
-8.994200e-02
-9.289836e-02
+1.498115e-01
-3.446159e-03
-1.476001e-01
+9.795543e-02
+8.501966e-02
-1.521468e-01
+1.173098e-02
+1.447049e-01
-1.033047e-01
-7.949355e-02
+1.533576e-01
-1.681743e-02
-1.428239e-01
+1.060350e-01
+7.676898e-02
-1.537248e-01
+1.845468e-02
+1.423264e-01
-1.061022e-01
-7.718291e-02
+1.533451e-01
-1.638566e-02
-1.433785e-01
+1.033142e-01
+8.094593e-02
-1.520665e-01
+1.033014e-02
+1.458874e-01
-9.728889e-02
-8.810344e-02
+1.494274e-01

eigenvalue = -2.603546e+00:
-1.501620e-01
+9.062762e-02
+9.546910e-02
-1.482358e-01
-6.034517e-03
+1.518758e-01
-8.555453e-02
-1.002973e-01
+1.460005e-01
+1.234151e-02
-1.534322e-01
+8.000720e-02
+1.053022e-01
-1.433178e-01
-1.918869e-02
+1.548399e-01
-7.372051e-02
-1.106384e-01
+1.400041e-01
+2.683278e-02
-1.560517e-01
+6.640757e-02
+1.164126e-01
-1.358232e-01
-3.551026e-02
+1.569508e-01
-5.776134e-02
-1.226668e-01
+1.304772e-01
+4.542307e-02
-1.573313e-01
+4.745957e-02
+1.293539e-01
-1.235983e-01
-5.671662e-02
+1.568763e-01
-3.517650e-02
-1.363062e-01
+1.147436e-01
+6.944723e-02
-1.551340e-01
+2.060602e-02
+1.431959e-01
-1.033994e-01
-8.353563e-02
+1.514965e-01
-3.502126e-03
-1.494890e-01
+8.900098e-02
+9.870408e-02
-1.451885e-01
-1.625634e-02
+1.543970e-01
-7.098006e-02
-1.143965e-01
+1.352767e-01
+3.857010e-02
-1.568365e-01
+4.885064e-02
+1.296855e-01
-1.207176e-01
-6.298866e-02
+1.554127e-01
-2.234870e-02
-1.431800e-01
+1.004662e-01
+8.854717e-02
-1.484560e-01
-8.363641e-03
+1.529576e-01
-7.367219e-02
-1.135875e-01
+1.341501e-01
+4.242811e-02
-1.565704e-01
+3.998823e-02
+1.356040e-01
-1.108027e-01
-7.797669e-02
+1.511896e-01

eigenvalue = -2.528830e+00:
+1.518463e-01
-8.029881e-02
-1.093863e-01
+1.381321e-01
+3.636818e-02
-1.573522e-01
+4.676669e-02
+1.326520e-01
-1.168006e-01
-7.101408e-02
+1.542576e-01
-1.030594e-02
-1.488278e-01
+8.866557e-02
+1.021772e-01
-1.423846e-01
-2.737994e-02
+1.567554e-01
-5.482034e-02
-1.280362e-01
+1.218272e-01
+6.434728e-02
-1.554288e-01
+1.672027e-02
+1.467187e-01
-9.305168e-02
-9.837305e-02
+1.440906e-01
+2.372322e-02
-1.563625e-01
+5.703555e-02
+1.269522e-01
-1.223885e-01
-6.405777e-02
+1.552483e-01
-1.543347e-02
-1.473610e-01
+9.059511e-02
+1.012461e-01
-1.420247e-01
-2.925632e-02
+1.568217e-01
-4.988102e-02
-1.317083e-01
+1.160346e-01
+7.356887e-02
-1.528046e-01
+2.608539e-03
+1.515075e-01
-7.774032e-02
-1.130621e-01
+1.334970e-01
+4.741652e-02
-1.567452e-01
+2.920528e-02
+1.425125e-01
-9.843960e-02
-9.484191e-02
+1.442183e-01
+2.546137e-02
-1.564257e-01
+4.927691e-02
+1.329650e-01
-1.123536e-01
-7.986178e-02
+1.499584e-01
+9.519718e-03
-1.544065e-01
+6.234121e-02
+1.255101e-01
-1.202785e-01
-7.022035e-02
+1.524197e-01
+7.581191e-04
-1.527637e-01
+6.824059e-02
+1.220828e-01
-1.228726e-01
-6.735863e-02
+1.527273e-01

eigenvalue = -2.453364e+00:
-1.533006e-01
+6.949880e-02
+1.217962e-01
-1.247017e-01
-6.528830e-02
+1.542787e-01
-4.579855e-03
-1.522054e-01
+7.345063e-02
+1.189872e-01
-1.272319e-01
-6.151604e-02
+1.549995e-01
-8.395763e-03
-1.512157e-01
+7.648477e-02
+1.168089e-01
-1.289786e-01
-5.890793e-02
+1.553936e-01
-1.068924e-02
-1.506122e-01
+7.797137e-02
+1.158286e-01
-1.295687e-01
-5.819770e-02
+1.554137e-01
-1.070709e-02
-1.506746e-01
+7.727926e-02
+1.165931e-01
-1.286014e-01
-6.009634e-02
+1.549491e-01
-7.694880e-03
-1.515898e-01
+7.372527e-02
+1.195500e-01
-1.255568e-01
-6.524671e-02
+1.537053e-01
-8.934024e-04
-1.533219e-01
+6.651519e-02
+1.249328e-01
-1.196848e-01
-7.414599e-02
+1.510532e-01
+1.043801e-02
-1.554416e-01
+5.470291e-02
+1.325930e-01
-1.098976e-01
-8.700402e-02
+1.458619e-01
+2.692809e-02
-1.569118e-01
+3.721678e-02
+1.417564e-01
-9.471507e-02
-1.034933e-01
+1.363526e-01
+4.886585e-02
-1.558461e-01
+1.303267e-02
+1.506929e-01
-7.234700e-02
-1.223484e-01
+1.200548e-01
+7.576050e-02
-1.493096e-01
-1.839363e-02
+1.563406e-01
-4.105701e-02
-1.408109e-01
+9.403053e-02
+1.056311e-01
-1.333288e-01
-5.631189e-02
+1.540377e-01

eigenvalue = -2.377260e+00:
-1.545229e-01
+5.829320e-02
+1.325344e-01
-1.082768e-01
-9.170971e-02
+1.428437e-01
+3.789102e-02
-1.571130e-01
+2.124350e-02
+1.491223e-01
-7.729682e-02
-1.200896e-01
+1.223646e-01
+7.421000e-02
-1.501616e-01
-1.802352e-02
+1.568978e-01
-4.054575e-02
-1.417817e-01
+9.333222e-02
+1.070833e-01
-1.330827e-01
-5.776012e-02
+1.544541e-01
+7.111301e-04
-1.547163e-01
+5.622246e-02
+1.340681e-01
-1.053591e-01
-9.553572e-02
+1.402215e-01
+4.448423e-02
-1.563788e-01
+1.217520e-02
+1.519786e-01
-6.695682e-02
-1.279088e-01
+1.128097e-01
+8.758478e-02
-1.440245e-01
-3.641112e-02
+1.569214e-01
-1.899193e-02
-1.502382e-01
+7.168093e-02
+1.251870e-01
-1.152753e-01
-8.519128e-02
+1.447221e-01
+3.535993e-02
-1.568494e-01
+1.821683e-02
+1.506526e-01
-6.924703e-02
-1.272983e-01
+1.119893e-01
+8.986676e-02
-1.418873e-01
-4.288581e-02
+1.560186e-01
-8.269136e-03
-1.533210e-01
+5.802645e-02
+1.345892e-01
-1.012395e-01
-1.022631e-01
+1.337087e-01
+6.005356e-02
-1.525553e-01
-1.246371e-02
+1.564196e-01
-3.573082e-02
-1.454807e-01
+7.998021e-02
+1.213152e-01
-1.163868e-01
-8.662865e-02
+1.420228e-01
+4.490190e-02
-1.551184e-01

eigenvalue = -2.300634e+00:
-1.555118e-01
+4.674996e-02
+1.414598e-01
-8.926006e-02
-1.146448e-01
+1.236868e-01
+7.752141e-02
-1.469403e-01
-3.347522e-02
+1.569668e-01
-1.349898e-02
-1.529310e-01
+5.917310e-02
+1.352787e-01
-9.947874e-02
-1.056791e-01
+1.308783e-01
+6.685153e-02
-1.506790e-01
-2.229850e-02
+1.572604e-01
-2.402794e-02
-1.501963e-01
+6.809210e-02
+1.302635e-01
-1.061369e-01
-9.933940e-02
+1.350083e-01
+6.020330e-02
-1.524129e-01
-1.626449e-02
+1.570881e-01
-2.875493e-02
-1.488730e-01
+7.115044e-02
+1.286784e-01
-1.075479e-01
-9.836552e-02
+1.351715e-01
+6.054867e-02
-1.520455e-01
-1.834468e-02
+1.571166e-01
-2.490485e-02
-1.502908e-01
+6.591258e-02
+1.323884e-01
-1.017014e-01
-1.050278e-01
+1.298172e-01
+7.045232e-02
-1.484838e-01
-3.132062e-02
+1.566930e-01
-9.518848e-03
-1.542263e-01
+4.924999e-02
+1.416151e-01
-8.528936e-02
-1.200468e-01
+1.154512e-01
+9.123120e-02
-1.380678e-01
-5.724039e-02
+1.520601e-01
+2.033882e-02
-1.569593e-01
+1.718327e-02
+1.528833e-01
-5.316055e-02
-1.404747e-01
+8.567822e-02
+1.208096e-01
-1.131665e-01
-9.528864e-02
+1.344609e-01
+6.551875e-02
-1.488294e-01
-3.319644e-02
+1.559674e-01

eigenvalue = -2.223600e+00:
-1.562659e-01
+3.493892e-02
+1.484555e-01
-6.811525e-02
-1.332398e-01
+9.786200e-02
+1.114062e-01
-1.226976e-01
-8.407875e-02
+1.414041e-01
+5.265475e-02
-1.530904e-01
-1.872613e-02
+1.572341e-01
-1.600869e-02
-1.537040e-01
+4.983716e-02
+1.427580e-01
-8.112337e-02
-1.250205e-01
+1.083920e-01
+1.014397e-01
-1.304004e-01
-7.322845e-02
+1.461957e-01
+4.179247e-02
-1.551530e-01
-8.651780e-03
+1.569945e-01
-2.464105e-02
-1.517889e-01
+5.658012e-02
+1.399324e-01
-8.577867e-02
-1.221125e-01
+1.110311e-01
+9.925981e-02
-1.313616e-01
-7.248936e-02
+1.460578e-01
+4.303649e-02
-1.546883e-01
-1.219124e-02
+1.571051e-01
-1.876524e-02
-1.534304e-01
+4.861882e-02
+1.440325e-01
-7.627236e-02
-1.294901e-01
+1.007857e-01
+1.105503e-01
-1.214042e-01
-8.808230e-02
+1.375761e-01
+6.302901e-02
-1.489580e-01
-3.636073e-02
+1.554104e-01
+9.031844e-03
-1.569839e-01
+1.805692e-02
+1.538985e-01
-4.408972e-02
-1.465173e-01
+6.835943e-02
+1.353168e-01
-9.028381e-02
-1.208560e-01
+1.094143e-01
+1.037453e-01
-1.254378e-01
-8.461741e-02
+1.381727e-01
+6.410104e-02
-1.475596e-01
-4.279811e-02
+1.536485e-01
+2.126530e-02
-1.565829e-01

eigenvalue = -2.146275e+00:
-1.567843e-01
+2.293149e-02
+1.534313e-01
-4.535573e-02
-1.468068e-01
+6.677956e-02
+1.370716e-01
-8.673759e-02
-1.244602e-01
+1.048047e-01
+1.092737e-01
-1.206074e-01
-9.187003e-02
+1.338327e-01
+7.265347e-02
-1.442359e-01
-5.206186e-02
+1.516448e-01
+3.055398e-02
-1.559628e-01
-8.596265e-03
+1.571682e-01
-1.335005e-02
-1.553123e-01
+3.484122e-02
+1.505146e-01
-5.546204e-02
-1.429565e-01
+7.483560e-02
+1.328733e-01
-9.263124e-02
-1.205447e-01
+1.085707e-01
+1.062854e-01
-1.224322e-01
-9.043395e-02
+1.340527e-01
+7.334277e-02
-1.433282e-01
-5.536786e-02
+1.502119e-01
+3.685933e-02
-1.547116e-01
-1.815291e-02
+1.568848e-01
-4.375200e-04
-1.568335e-01
+1.862602e-02
+1.546977e-01
-3.615939e-02
-1.506485e-01
+5.282053e-02
+1.448814e-01
-6.843046e-02
-1.376089e-01
+8.284911e-02
+1.290541e-01
-9.597485e-02
-1.194442e-01
+1.077431e-01
+1.090047e-01
-1.181239e-01
-9.795480e-02
+1.271191e-01
+8.650282e-02
-1.347590e-01
-7.484321e-02
+1.410980e-01
+6.315384e-02
-1.462113e-01
-5.159441e-02
+1.501906e-01
+4.030548e-02
-1.531399e-01
-2.940828e-02
+1.551725e-01
+1.900501e-02
-1.564067e-01
-9.179798e-03
+1.569636e-01

eigenvalue = -2.068775e+00:
-1.570665e-01
+1.080011e-02
+1.563243e-01
-2.153204e-02
-1.548482e-01
+3.212864e-02
+1.526544e-01
-4.252486e-02
-1.497671e-01
+5.265870e-02
+1.462177e-01
-6.247215e-02
-1.420446e-01
+7.191199e-02
+1.372922e-01
-8.093053e-02
-1.320104e-01
+8.948622e-02
+1.262537e-01
-9.754413e-02
-1.200803e-01
+1.050763e-01
+1.135513e-01
-1.120618e-01
-1.067296e-01
+1.184871e-01
+9.967941e-02
-1.243457e-01
-9.246479e-02
+1.296383e-01
+8.514937e-02
-1.343720e-01
-7.779540e-02
+1.385602e-01
+7.046310e-02
-1.422223e-01
-6.321014e-02
+1.453825e-01
+5.609117e-02
-1.480699e-01
-4.915746e-02
+1.503172e-01
+4.245669e-02
-1.521603e-01
-3.603275e-02
+1.536376e-01
+2.992581e-02
-1.547889e-01
-2.417227e-02
+1.556552e-01
+1.880503e-02
-1.562776e-01
-1.385366e-02
+1.566966e-01
+9.344694e-03
-1.569515e-01
-5.302048e-03
+1.570799e-01
+1.747372e-03
-1.571166e-01
+1.299499e-03
+1.570936e-01
-3.820119e-03
-1.570388e-01
+5.797010e-03
+1.569761e-01
-7.213254e-03
-1.569242e-01
+8.052132e-03
+1.568963e-01
-8.296849e-03
-1.568994e-01
+7.930331e-03
+1.569337e-01
-6.935137e-03
-1.569918e-01
+5.293519e-03
+1.570583e-01
-2.987639e-03
-1.571086e-01

eigenvalue = -1.991217e+00:
-1.571123e-01
-1.382113e-03
+1.571000e-01
+2.781356e-03
-1.570750e-01
-4.214851e-03
+1.570359e-01
+5.699688e-03
-1.569808e-01
-7.252913e-03
+1.569072e-01
+8.891501e-03
-1.568115e-01
-1.063234e-02
+1.566895e-01
+1.249219e-02
-1.565360e-01
-1.448765e-02
+1.563443e-01
+1.663507e-02
-1.561069e-01
-1.895055e-02
+1.558147e-01
+2.144978e-02
-1.554568e-01
-2.414799e-02
+1.550208e-01
+2.705978e-02
-1.544921e-01
-3.019900e-02
+1.538540e-01
+3.357851e-02
-1.530874e-01
-3.720998e-02
+1.521705e-01
+4.110358e-02
-1.510788e-01
-4.526767e-02
+1.497845e-01
+4.970840e-02
-1.482569e-01
-5.442923e-02
+1.464618e-01
+5.943042e-02
-1.443615e-01
-6.470843e-02
+1.419150e-01
+7.025518e-02
-1.390775e-01
-7.605732e-02
+1.358012e-01
+8.209535e-02
-1.320350e-01
-8.834265e-02
+1.277254e-01
+9.476449e-02
-1.228165e-01
-1.013169e-01
+1.172513e-01
+1.079455e-01
-1.109725e-01
-1.145845e-01
+1.039241e-01
+1.211554e-01
-9.605265e-02
-1.275659e-01
+8.730975e-02
+1.337091e-01
-7.765427e-02
-1.394626e-01
+6.705530e-02
+1.446884e-01
-5.549551e-02
-1.492326e-01
+4.297492e-02
+1.529260e-01
-2.951512e-02
-1.555858e-01
+1.516389e-02
+1.570171e-01

eigenvalue = -1.913717e+00:
-1.569217e-01
-1.354187e-02
+1.557525e-01
+2.699993e-02
-1.534169e-01
-4.028985e-02
+1.499207e-01
+5.332627e-02
-1.452727e-01
-6.602228e-02
+1.394855e-01
+7.828907e-02
-1.325758e-01
-9.003549e-02
+1.245652e-01
+1.011678e-01
-1.154809e-01
-1.115897e-01
+1.053566e-01
+1.212019e-01
-9.423385e-02
-1.299028e-01
+8.216295e-02
+1.375883e-01
-6.920427e-02
-1.441528e-01
+5.542957e-02
+1.494897e-01
-4.092343e-02
-1.534929e-01
+2.578459e-02
+1.560575e-01
-1.012735e-02
-1.570826e-01
-5.917164e-03
+1.564727e-01
+2.219987e-02
-1.541403e-01
-3.855280e-02
+1.500095e-01
+5.478849e-02
-1.440188e-01
-7.069980e-02
+1.361254e-01
+8.606021e-02
-1.263092e-01
-1.006248e-01
+1.145779e-01
+1.141322e-01
-1.009712e-01
-1.263070e-01
+8.556649e-02
+1.368638e-01
-6.848377e-02
-1.455121e-01
+4.989045e-02
+1.519630e-01
-3.000591e-02
-1.559367e-01
+9.105156e-03
+1.571719e-01
+1.247860e-02
-1.554372e-01
-3.435293e-02
+1.505430e-01
+5.606715e-02
-1.423551e-01
-7.711590e-02
+1.308099e-01
+9.694562e-02
-1.159289e-01
-1.149648e-01
+9.783409e-02
+1.305579e-01
-7.676207e-02
-1.431042e-01
+5.307616e-02
+1.520005e-01
-2.727560e-02
-1.566890e-01

eigenvalue = -1.836392e+00:
+1.564953e-01
+2.560607e-02
-1.523045e-01
-5.054315e-02
+1.440241e-01
+7.415609e-02
-1.318550e-01
-9.581728e-02
+1.160943e-01
+1.149403e-01
-9.713149e-02
-1.309930e-01
+7.544119e-02
+1.435107e-01
-5.157580e-02
-1.521081e-01
+2.615550e-02
+1.564911e-01
+1.432526e-04
-1.564669e-01
-2.660106e-02
+1.519538e-01
+5.247083e-02
-1.429884e-01
-7.699471e-02
+1.297313e-01
+9.942283e-02
-1.124707e-01
-1.190335e-01
+9.162261e-02
+1.351549e-01
-6.772848e-02
-1.471872e-01
+4.144871e-02
+1.546258e-01
-1.355233e-02
-1.570840e-01
-1.509782e-02
+1.543148e-01
+4.356467e-02
-1.462311e-01
-7.086124e-02
+1.329230e-01
+9.597994e-02
-1.146709e-01
-1.179264e-01
+9.195428e-02
+1.357572e-01
-6.545267e-02
-1.486215e-01
+3.604020e-02
+1.558039e-01
-4.770326e-03
-1.567682e-01
-2.714897e-02
+1.511998e-01
+5.839081e-02
-1.390442e-01
-8.755585e-02
+1.205386e-01
+1.132295e-01
-9.623376e-02
-1.340485e-01
+6.700411e-02
+1.487757e-01
-3.404072e-02
-1.563790e-01
-1.173623e-03
+1.561126e-01
+3.691044e-02
-1.475928e-01
-7.126381e-02
+1.308658e-01
+1.022408e-01
-1.064583e-01
-1.278727e-01
+7.540572e-02
+1.463425e-01
-3.924960e-02
-1.561242e-01

eigenvalue = -1.759358e+00:
+1.558339e-01
+3.750232e-02
-1.468072e-01
-7.284843e-02
+1.292608e-01
+1.039983e-01
-1.041831e-01
-1.291392e-01
+7.299341e-02
+1.467856e-01
-3.746928e-02
-1.558645e-01
-3.461331e-04
+1.557804e-01
+3.825226e-02
-1.464572e-01
-7.401032e-02
+1.283538e-01
+1.054681e-01
-1.024515e-01
-1.306844e-01
+7.021276e-02
+1.480467e-01
-3.351221e-02
-1.563759e-01
-5.459073e-03
+1.550116e-01
+4.431149e-02
-1.438718e-01
-8.059285e-02
+1.234828e-01
+1.119358e-01
-9.497406e-02
-1.362093e-01
+6.003646e-02
+1.516654e-01
-2.084311e-02
-1.570726e-01
-2.006644e-02
+1.518251e-01
+5.993417e-02
-1.360204e-01
-9.595775e-02
+1.104951e-01
+1.254819e-01
-7.681327e-02
-1.461960e-01
+3.720238e-02
+1.563242e-01
+5.564419e-03
-1.547944e-01
-4.833736e-02
+1.413695e-01
+8.780406e-02
-1.167279e-01
-1.207374e-01
+8.247960e-02
+1.442614e-01
-4.110726e-02
-1.561164e-01
-4.170344e-03
+1.548999e-01
+4.961361e-02
-1.402596e-01
-9.124668e-02
+1.130136e-01
+1.251954e-01
-7.517707e-02
-1.480546e-01
+2.987967e-02
+1.572533e-01
+1.883605e-02
-1.513811e-01
-6.633067e-02
+1.304366e-01
+1.077837e-01
-9.595939e-02
-1.386800e-01
+5.101336e-02
+1.553233e-01

eigenvalue = -1.682732e+00:
-1.549387e-01
-4.915929e-02
+1.393393e-01
+9.338446e-02
-1.096909e-01
-1.282235e-01
+6.894629e-02
+1.501444e-01
-2.117842e-02
-1.568871e-01
-2.881212e-02
+1.476981e-01
+7.596383e-02
-1.234211e-01
-1.154533e-01
+8.643509e-02
+1.431799e-01
-4.044100e-02
-1.561903e-01
-9.886708e-03
+1.529993e-01
+5.935412e-02
-1.337741e-01
-1.027671e-01
+1.003573e-01
+1.354678e-01
-5.612150e-02
-1.538346e-01
+5.660243e-03
+1.556957e-01
+4.565925e-02
-1.406075e-01
-9.224464e-02
+1.099633e-01
+1.288762e-01
-6.690928e-02
-1.512939e-01
+1.606732e-02
+1.567098e-01
+3.692139e-02
-1.441855e-01
-8.599167e-02
+1.148223e-01
+1.253335e-01
-7.172947e-02
-1.500834e-01
+1.975640e-02
+1.569502e-01
+3.499933e-02
-1.446933e-01
-8.586798e-02
+1.143864e-01
+1.264020e-01
-6.941248e-02
-1.512009e-01
+1.516711e-02
+1.566654e-01
+4.152010e-02
-1.415764e-01
-9.319814e-02
+1.074052e-01
+1.327566e-01
-5.828547e-02
-1.544221e-01
+6.157659e-04
+1.546532e-01
+5.769180e-02
-1.327969e-01
-1.082473e-01
+9.138394e-02
+1.433829e-01
-3.597821e-02
-1.573561e-01
-2.544866e-02
+1.473704e-01
+8.357582e-02
-1.142326e-01
-1.291088e-01
+6.249544e-02
+1.542869e-01

eigenvalue = -1.606628e+00:
-1.538114e-01
-6.050723e-02
+1.300062e-01
+1.116641e-01
-8.605611e-02
-1.455457e-01
+2.873060e-02
+1.568668e-01
+3.311417e-02
-1.438038e-01
-8.987987e-02
+1.082984e-01
+1.326954e-01
-5.579212e-02
-1.547925e-01
-5.576690e-03
+1.525792e-01
+6.620197e-02
-1.262429e-01
-1.164876e-01
+7.978077e-02
+1.483537e-01
-2.043757e-02
-1.565416e-01
-4.237843e-02
+1.395078e-01
+9.855057e-02
-9.975523e-02
-1.388643e-01
+4.352787e-02
+1.565244e-01
+2.010784e-02
-1.483320e-01
-8.067338e-02
+1.153181e-01
+1.279741e-01
-6.270156e-02
-1.538166e-01
-8.524280e-04
+1.534635e-01
+6.458892e-02
-1.265667e-01
-1.174393e-01
+7.739064e-02
+1.499379e-01
-1.424428e-02
-1.559547e-01
-5.182967e-02
+1.339283e-01
+1.089243e-01
-8.734506e-02
-1.463998e-01
+2.432518e-02
+1.569060e-01
+4.367352e-02
-1.379138e-01
-1.038577e-01
+9.243032e-02
+1.444825e-01
-2.869583e-02
-1.571877e-01
-4.116070e-02
+1.388258e-01
+1.033292e-01
-9.237327e-02
-1.450199e-01
+2.666108e-02
+1.571494e-01
+4.512499e-02
-1.364514e-01
-1.079728e-01
+8.651162e-02
+1.481560e-01
-1.740093e-02
-1.563082e-01
-5.614717e-02
+1.297728e-01
+1.177507e-01
-7.362583e-02
-1.530162e-01

eigenvalue = -1.531161e+00:
+1.524537e-01
+7.147832e-02
-1.189380e-01
-1.272557e-01
+5.924759e-02
+1.550536e-01
+1.352417e-02
-1.487039e-01
-8.337289e-02
+1.095228e-01
+1.348717e-01
-4.606586e-02
-1.565601e-01
-2.769856e-02
+1.434995e-01
+9.541961e-02
-9.842800e-02
-1.419567e-01
+3.124226e-02
+1.567590e-01
+4.311258e-02
-1.362853e-01
-1.079133e-01
+8.490830e-02
+1.483925e-01
-1.406391e-02
-1.551166e-01
-6.021195e-02
+1.262393e-01
+1.208542e-01
-6.808616e-02
-1.536732e-01
-6.120405e-03
+1.507123e-01
+7.917009e-02
-1.122639e-01
-1.337996e-01
+4.702081e-02
+1.567761e-01
+2.975295e-02
-1.421738e-01
-9.968793e-02
+9.302401e-02
+1.456606e-01
-2.086435e-02
-1.560222e-01
-5.681364e-02
+1.276642e-01
+1.207024e-01
-6.709882e-02
-1.544620e-01
-1.083003e-02
+1.489828e-01
+8.641958e-02
-1.050091e-01
-1.400093e-01
+3.334440e-02
+1.571286e-01
+4.757434e-02
-1.325522e-01
-1.162657e-01
+7.210777e-02
+1.538749e-01
+8.412406e-03
-1.494582e-01
-8.714622e-02
+1.033934e-01
+1.419878e-01
-2.781780e-02
-1.568466e-01
-5.626047e-02
+1.265791e-01
+1.246069e-01
-5.904977e-02
-1.567273e-01
-2.652325e-02
+1.421907e-01
+1.047522e-01
-8.433649e-02
-1.515125e-01

eigenvalue = -1.456445e+00:
-1.508680e-01
-8.200712e-02
+1.062882e-01
+1.397937e-01
-3.027195e-02
-1.562585e-01
-5.474030e-02
+1.264674e-01
+1.235933e-01
-5.915033e-02
-1.558259e-01
-2.580822e-02
+1.417467e-01
+1.031839e-01
-8.538316e-02
-1.498579e-01
+3.400931e-03
+1.517200e-01
+7.974150e-02
-1.079812e-01
-1.390277e-01
+3.157099e-02
+1.563979e-01
+5.457473e-02
-1.263023e-01
-1.243098e-01
+5.758039e-02
+1.561837e-01
+2.899369e-02
-1.400896e-01
-1.068695e-01
+8.059130e-02
+1.518074e-01
+4.192075e-03
-1.494623e-01
-8.794456e-02
+1.000961e-01
+1.442320e-01
-1.884117e-02
-1.548663e-01
-6.873616e-02
+1.159195e-01
+1.345497e-01
-3.937167e-02
-1.569960e-01
-5.032524e-02
+1.281807e-01
+1.238826e-01
-5.692842e-02
-1.567013e-01
-3.362116e-02
+1.372268e-01
+1.133014e-01
-7.127546e-02
-1.548946e-01
-1.934562e-02
+1.435470e-01
+1.037688e-01
-8.235445e-02
-1.524655e-01
-8.048049e-03
+1.476801e-01
+9.610742e-02
-9.020793e-02
-1.502089e-01
-1.443423e-04
+1.501218e-01
+9.098788e-02
-9.489357e-02
-1.487651e-01
+4.032274e-03
+1.512357e-01
+8.892717e-02
-9.639832e-02
-1.485661e-01
+4.181096e-03
+1.511700e-01
+9.028283e-02
-9.456160e-02
-1.497777e-01

eigenvalue = -1.382592e+00:
+1.490570e-01
+9.203094e-02
-9.223131e-02
-1.489866e-01
+2.131387e-04
+1.491183e-01
+9.192727e-02
-9.229992e-02
-1.489950e-01
+1.437454e-04
+1.490839e-01
+9.214924e-02
-9.200825e-02
-1.491691e-01
-4.909596e-04
+1.488645e-01
+9.292379e-02
-9.112427e-02
-1.495896e-01
-1.974245e-03
+1.483598e-01
+9.447022e-02
-8.940601e-02
-1.503189e-01
-4.589752e-03
+1.474459e-01
+9.699120e-02
-8.659284e-02
-1.513855e-01
-8.620175e-03
+1.459570e-01
+1.006592e-01
-8.239529e-02
-1.527615e-01
-1.434319e-02
+1.436649e-01
+1.055970e-01
-7.648545e-02
-1.543347e-01
-2.202205e-02
+1.402548e-01
+1.118506e-01
-6.849092e-02
-1.558746e-01
-3.188676e-02
+1.353017e-01
+1.193503e-01
-5.799737e-02
-1.569913e-01
-4.410086e-02
+1.282508e-01
+1.278597e-01
-4.456664e-02
-1.570927e-01
-5.870732e-02
+1.184103e-01
+1.369085e-01
-2.778026e-02
-1.553422e-01
-7.554682e-02
+1.049683e-01
+1.457129e-01
-7.320642e-03
-1.506313e-01
-9.414370e-02
+8.705004e-02
+1.530906e-01
+1.689616e-02
-1.415870e-01
-1.135599e-01
+6.384130e-02
+1.573906e-01
+4.452508e-02
-1.266457e-01
-1.322303e-01
+3.480277e-02
+1.564753e-01
+7.453247e-02
-1.042381e-01
-1.478138e-01

eigenvalue = -1.309714e+00:
-1.470235e-01
-1.014903e-01
+7.696062e-02
+1.546246e-01
+2.980849e-02
-1.340380e-01
-1.223992e-01
+4.946527e-02
+1.565878e-01
+5.879908e-02
-1.159190e-01
-1.390087e-01
+1.968863e-02
+1.526452e-01
+8.609057e-02
-9.295234e-02
-1.505807e-01
-1.158833e-02
+1.425299e-01
+1.106805e-01
-6.552140e-02
-1.563054e-01
-4.341175e-02
+1.260238e-01
+1.314000e-01
-3.419375e-02
-1.553205e-01
-7.457502e-02
+1.030404e-01
+1.468911e-01
+1.698985e-04
-1.467716e-01
-1.035459e-01
+7.374850e-02
+1.556229e-01
+3.629086e-02
-1.299267e-01
-1.284173e-01
+3.873832e-02
+1.559661e-01
+7.234598e-02
-1.043584e-01
-1.469084e-01
-7.764495e-04
+1.463518e-01
+1.058663e-01
-7.020084e-02
-1.564522e-01
-4.274056e-02
+1.255413e-01
+1.337052e-01
-2.847601e-02
-1.544180e-01
-8.406665e-02
+9.302534e-02
+1.521408e-01
+1.854010e-02
-1.385166e-01
-1.205480e-01
+4.954775e-02
+1.571970e-01
+6.698683e-02
-1.074247e-01
-1.469893e-01
-2.298735e-03
+1.452692e-01
+1.112563e-01
-6.161968e-02
-1.577000e-01
-5.753760e-02
+1.141152e-01
+1.442007e-01
-4.321204e-03
-1.474995e-01
-1.085753e-01
+6.417379e-02
+1.579581e-01
+5.770932e-02
-1.133060e-01
-1.456230e-01

eigenvalue = -1.237920e+00:
+1.447709e-01
+1.103290e-01
-6.068531e-02
-1.565836e-01
-5.867830e-02
+1.118459e-01
+1.439691e-01
-2.033167e-03
-1.455203e-01
-1.090266e-01
+6.228370e-02
+1.565952e-01
+5.736371e-02
-1.127465e-01
-1.435887e-01
+2.877216e-03
+1.457915e-01
+1.088055e-01
-6.238935e-02
-1.566602e-01
-5.785783e-02
+1.122179e-01
+1.441219e-01
-1.339624e-03
-1.451533e-01
-1.105233e-01
+5.990085e-02
+1.567716e-01
+6.125764e-02
-1.093816e-01
-1.459656e-01
-3.780025e-03
+1.430318e-01
+1.149184e-01
-5.363251e-02
-1.566919e-01
-6.856489e-02
+1.031524e-01
+1.492185e-01
+1.367742e-02
-1.384950e-01
-1.224153e-01
+4.224262e-02
+1.556790e-01
+8.053156e-02
-9.207046e-02
-1.533691e-01
-2.945642e-02
+1.299900e-01
+1.328005e-01
-2.423116e-02
-1.521311e-01
-9.734775e-02
+7.419329e-02
+1.568567e-01
+5.185290e-02
-1.151101e-01
-1.447062e-01
-1.845188e-03
+1.432119e-01
+1.180563e-01
-4.721763e-02
-1.565297e-01
-8.059273e-02
+9.058338e-02
+1.548744e-01
+3.669754e-02
-1.246482e-01
-1.395958e-01
+9.148193e-03
+1.471823e-01
+1.131941e-01
-5.286998e-02
-1.573501e-01
-7.886300e-02
+9.116506e-02
+1.555613e-01
+4.003696e-02
-1.217085e-01
-1.432081e-01

eigenvalue = -1.167318e+00:
+1.423030e-01
+1.184951e-01
-4.362773e-02
-1.548285e-01
-8.532918e-02
+8.374717e-02
+1.551053e-01
+4.551050e-02
-1.171696e-01
-1.432057e-01
-2.271678e-03
+1.413103e-01
+1.202174e-01
-4.092877e-02
-1.544081e-01
-8.812065e-02
+8.072216e-02
+1.556565e-01
+4.958208e-02
-1.141249e-01
-1.452380e-01
-7.690812e-03
+1.387830e-01
+1.242600e-01
-3.433210e-02
-1.531421e-01
-9.460664e-02
+7.341875e-02
+1.565307e-01
+5.872735e-02
-1.069044e-01
-1.491540e-01
-1.938856e-02
+1.327199e-01
+1.320066e-01
-2.058213e-02
-1.495109e-01
-1.067206e-01
+5.853264e-02
+1.566809e-01
+7.537158e-02
-9.218238e-02
-1.543608e-01
-4.026621e-02
+1.197625e-01
+1.433170e-01
+3.734962e-03
-1.400938e-01
-1.248162e-01
+3.205069e-02
+1.526034e-01
+1.004642e-01
-6.522227e-02
-1.572867e-01
-7.203905e-02
+9.431183e-02
+1.546279e-01
+4.133550e-02
-1.183011e-01
-1.454917e-01
-1.003194e-02
+1.366262e-01
+1.310024e-01
-2.041049e-02
-1.491446e-01
-1.124234e-01
+4.881403e-02
+1.560758e-01
+9.104731e-02
-7.431619e-02
-1.579243e-01
-6.810490e-02
+9.637151e-02
+1.553965e-01
+4.469723e-02
-1.147291e-01
-1.493203e-01
-2.175155e-02
+1.293928e-01
+1.405720e-01

eigenvalue = -1.098015e+00:
-1.396237e-01
-1.259404e-01
+2.602031e-02
+1.494136e-01
+1.087814e-01
-5.125706e-02
-1.550398e-01
-8.869081e-02
+7.496413e-02
+1.563907e-01
+6.631251e-02
-9.646767e-02
-1.535155e-01
-4.235696e-02
+1.151963e-01
+1.466179e-01
+1.756579e-02
-1.307041e-01
-1.360399e-01
+7.324418e-03
+1.426866e-01
+1.222400e-01
-3.161633e-02
-1.509869e-01
-1.057647e-01
+5.468196e-02
+1.555941e-01
+8.721756e-02
-7.598711e-02
-1.566334e-01
-6.722774e-02
+9.510877e-02
+1.543504e-01
+4.641881e-02
-1.117453e-01
-1.490892e-01
-2.538147e-02
+1.257188e-01
+1.412682e-01
+4.650541e-03
-1.369714e-01
-1.313552e-01
+1.531247e-02
+1.455552e-01
+1.198417e-01
-3.413079e-02
-1.516179e-01
-1.072206e-01
+5.151773e-02
+1.553856e-01
+9.396659e-02
-6.727650e-02
-1.571444e-01
-8.052062e-02
+8.129518e-02
+1.572211e-01
+6.727924e-02
-9.353766e-02
-1.559652e-01
-5.458807e-02
+1.040318e-01
+1.537333e-01
+4.273971e-02
-1.128558e-01
-1.508750e-01
-3.197537e-02
+1.201230e-01
+1.477215e-01
+2.248948e-02
-1.259675e-01
-1.445773e-01
-1.443657e-02
+1.305291e-01
+1.417137e-01
+7.939566e-03
-1.339397e-01
-1.393635e-01
-3.098687e-03
+1.363099e-01
+1.377178e-01

eigenvalue = -1.030114e+00:
+1.367374e-01
+1.326215e-01
-8.102353e-03
-1.404809e-01
-1.281789e-01
+1.611802e-02
+1.438195e-01
+1.234671e-01
-2.396205e-02
-1.467342e-01
-1.185547e-01
+3.155294e-02
+1.492198e-01
+1.135191e-01
-3.881395e-02
-1.512840e-01
-1.084456e-01
+4.567430e-02
+1.529474e-01
+1.034246e-01
-5.206983e-02
-1.542414e-01
-9.855079e-02
+5.794326e-02
+1.552070e-01
+9.392043e-02
-6.324394e-02
-1.558923e-01
-8.963031e-02
+6.792709e-02
+1.563504e-01
+8.577608e-02
-7.195257e-02
-1.566367e-01
-8.245100e-02
+7.528315e-02
+1.568054e-01
+7.974490e-02
-7.788240e-02
-1.569069e-01
-7.774316e-02
+7.971223e-02
+1.569838e-01
+7.652576e-02
-8.073021e-02
-1.570674e-01
-7.616626e-02
+8.088681e-02
+1.571737e-01
+7.673029e-02
-8.012267e-02
-1.572988e-01
-7.827377e-02
+7.836615e-02
+1.574146e-01
+8.084004e-02
-7.553147e-02
-1.574632e-01
-8.445609e-02
+7.151764e-02
+1.573518e-01
+8.912726e-02
-6.620885e-02
-1.569470e-01
-9.483014e-02
+5.947659e-02
+1.560696e-01
+1.015034e-01
-5.118450e-02
-1.544894e-01
-1.090366e-01
+4.119647e-02
+1.519220e-01
+1.172561e-01
-2.938913e-02
-1.480278e-01
-1.259095e-01
+1.566970e-02
+1.424151e-01
+1.346489e-01

eigenvalue = -9.637190e-01:
+1.336488e-01
+1.384995e-01
+9.883236e-03
-1.282565e-01
-1.428212e-01
-1.979532e-02
+1.222979e-01
+1.466125e-01
+2.976256e-02
-1.157370e-01
-1.498574e-01
-3.980608e-02
+1.085285e-01
+1.525237e-01
+4.993897e-02
-1.006188e-01
-1.545616e-01
-6.016323e-02
+9.194821e-02
+1.559027e-01
+7.046626e-02
-8.245361e-02
-1.564588e-01
-8.081700e-02
+7.207112e-02
+1.561208e-01
+9.116162e-02
-6.074015e-02
-1.547587e-01
-1.014187e-01
+4.840836e-02
+1.522215e-01
+1.114741e-01
-3.503780e-02
-1.483387e-01
-1.211754e-01
+2.061269e-02
+1.429231e-01
+1.303268e-01
-5.148747e-03
-1.357753e-01
-1.386835e-01
-1.129552e-02
+1.266916e-01
+1.459482e-01
+2.860581e-02
-1.154742e-01
-1.517686e-01
-4.659735e-02
+1.019460e-01
+1.557381e-01
+6.499904e-02
-8.596990e-02
-1.574006e-01
-8.343739e-02
+6.747379e-02
+1.562618e-01
+1.014216e-01
-4.648039e-02
-1.518078e-01
-1.183318e-01
+2.314284e-02
+1.435346e-01
+1.334140e-01
+2.215855e-03
-1.309893e-01
-1.457846e-01
-2.906155e-02
+1.138253e-01
+1.544503e-01
+5.661006e-02
-9.187186e-02
-1.583482e-01
-8.379666e-02
+6.521682e-02
+1.564118e-01
+1.092625e-01
-3.429872e-02
-1.476681e-01
-1.313688e-01

eigenvalue = -8.989294e-01:
+1.303630e-01
+1.435407e-01
+2.769328e-02
-1.130450e-01
-1.521886e-01
-5.457760e-02
+9.206791e-02
+1.560127e-01
+7.985010e-02
-6.800342e-02
-1.548200e-01
-1.027212e-01
+4.151371e-02
+1.485270e-01
+1.224243e-01
-1.335132e-02
-1.371720e-01
-1.382285e-01
-1.564171e-02
+1.209284e-01
+1.494560e-01
+4.453726e-02
-1.001216e-01
-1.555047e-01
-7.232877e-02
+7.524555e-02
+1.558772e-01
+9.794500e-02
-4.697947e-02
-1.502147e-01
-1.202720e-01
+1.620124e-02
+1.383383e-01
+1.381855e-01
+1.600497e-02
-1.202940e-01
-1.505957e-01
-4.835057e-02
+9.640057e-02
+1.565057e-01
+7.935824e-02
-6.729678e-02
-1.550852e-01
-1.073964e-01
+3.398199e-02
+1.457569e-01
+1.307374e-01
+2.155791e-03
-1.282956e-01
-1.476438e-01
-3.933386e-02
+1.029311e-01
+1.564861e-01
+7.540098e-02
-7.044830e-02
-1.558928e-01
-1.079068e-01
+3.227056e-02
+1.449281e-01
+1.342259e-01
+9.492510e-03
-1.232895e-01
-1.517440e-01
-5.205294e-02
+9.150531e-02
+1.581100e-01
+9.203257e-02
-5.110856e-02
-1.515485e-01
-1.256544e-01
+4.748163e-03
+1.312108e-01
+1.490548e-01
+4.380492e-02
-9.753199e-02
-1.587201e-01
-8.980578e-02
+5.253369e-02
+1.520334e-01
+1.278814e-01

eigenvalue = -8.358430e-01:
+1.268855e-01
+1.477164e-01
+4.508767e-02
-9.522168e-02
-1.559615e-01
-8.639554e-02
+5.534091e-02
+1.508582e-01
+1.204142e-01
-1.054340e-02
-1.327029e-01
-1.441638e-01
-3.541123e-02
+1.028575e-01
+1.554300e-01
+7.856721e-02
-6.368957e-02
-1.529644e-01
-1.150648e-01
+1.844106e-02
+1.366343e-01
+1.414493e-01
+2.897397e-02
-1.075088e-01
-1.549805e-01
-7.424158e-02
+6.786320e-02
+1.539236e-01
+1.129834e-01
-2.108975e-02
-1.377956e-01
-1.411424e-01
-2.849895e-02
+1.075395e-01
+1.553971e-01
+7.597839e-02
-6.559557e-02
-1.535738e-01
-1.162304e-01
+1.583829e-02
+1.350163e-01
+1.444552e-01
+3.664770e-02
-1.008620e-01
-1.567455e-01
-8.596840e-02
+5.416943e-02
+1.506716e-01
+1.259979e-01
+1.595676e-04
-1.258066e-01
-1.511069e-01
-5.571037e-02
+8.410465e-02
+1.569856e-01
+1.051654e-01
-3.003260e-02
-1.414665e-01
-1.411847e-01
-2.963622e-02
+1.052199e-01
+1.574994e-01
+8.643906e-02
-5.216467e-02
-1.500979e-01
-1.312719e-01
-1.056715e-02
+1.183194e-01
+1.558144e-01
+7.324910e-02
-6.561752e-02
-1.541756e-01
-1.248307e-01
-2.720726e-04
+1.244935e-01
+1.548081e-01
+6.799311e-02
-7.012351e-02
-1.554802e-01
-1.241905e-01

eigenvalue = -7.745550e-01:
-1.232220e-01
-1.510034e-01
-6.183272e-02
+7.522320e-02
+1.540311e-01
+1.135863e-01
-1.478126e-02
-1.317099e-01
-1.467376e-01
-4.827199e-02
+8.751666e-02
+1.556641e-01
+1.035486e-01
-2.853090e-02
-1.385884e-01
-1.417293e-01
-3.559078e-02
+9.797367e-02
+1.560876e-01
+9.407600e-02
-4.028639e-02
-1.436885e-01
-1.367499e-01
-2.488335e-02
+1.060601e-01
+1.557635e-01
+8.626387e-02
-4.918922e-02
-1.470716e-01
-1.327356e-01
-1.722729e-02
+1.113974e-01
+1.553034e-01
+8.123837e-02
-5.446202e-02
-1.488938e-01
-1.306461e-01
-1.365927e-02
+1.136368e-01
+1.552859e-01
+8.006570e-02
-5.532355e-02
-1.492004e-01
-1.312975e-01
-1.518441e-02
+1.122681e-01
+1.560215e-01
+8.365539e-02
-5.086247e-02
-1.476597e-01
-1.351502e-01
-2.278143e-02
+1.063878e-01
+1.572532e-01
+9.260746e-02
-3.992507e-02
-1.432509e-01
-1.420055e-01
-3.732187e-02
+9.448743e-02
+1.577771e-01
+1.069130e-01
-2.112352e-02
-1.339488e-01
-1.505495e-01
-5.926660e-02
+7.438018e-02
+1.549956e-01
+1.253896e-01
+6.851575e-03
-1.165329e-01
-1.577144e-01
-8.795270e-02
+4.350386e-02
+1.445321e-01
+1.447645e-01
+4.433878e-02
-8.682368e-02
-1.579825e-01
-1.203001e-01

eigenvalue = -7.151580e-01:
-1.193785e-01
-1.533841e-01
-7.770428e-02
+5.353677e-02
+1.465023e-01
+1.347458e-01
+2.669129e-02
-1.004338e-01
-1.558210e-01
-9.994472e-02
+2.727073e-02
+1.350286e-01
+1.464864e-01
+5.352286e-02
-7.757405e-02
-1.534327e-01
-1.201015e-01
-1.354900e-03
+1.183546e-01
+1.540080e-01
+8.036635e-02
-5.026378e-02
-1.452811e-01
-1.374537e-01
-3.241125e-02
+9.553248e-02
+1.560413e-01
+1.065163e-01
-1.803913e-02
-1.299018e-01
-1.504679e-01
-6.540922e-02
+6.550864e-02
+1.505561e-01
+1.303195e-01
+1.907381e-02
-1.054736e-01
-1.565714e-01
-9.879731e-02
+2.757118e-02
+1.348270e-01
+1.487692e-01
+5.991778e-02
-7.026464e-02
-1.520628e-01
-1.293359e-01
-1.786760e-02
+1.058375e-01
+1.571970e-01
+1.013132e-01
-2.355114e-02
-1.324130e-01
-1.514901e-01
-6.806509e-02
+6.131461e-02
+1.493889e-01
+1.370530e-01
+3.281062e-02
-9.338243e-02
-1.572513e-01
-1.164262e-01
+1.719387e-03
+1.187260e-01
+1.572887e-01
+9.220269e-02
-3.347914e-02
-1.372186e-01
-1.512746e-01
-6.674067e-02
+6.116467e-02
+1.494388e-01
+1.411742e-01
+4.198681e-02
-8.415856e-02
-1.564390e-01
-1.289117e-01
-1.940611e-02
+1.023996e-01
+1.595194e-01
+1.162141e-01

eigenvalue = -6.577420e-01:
+1.153615e-01
+1.548465e-01
+9.249097e-02
-3.068838e-02
-1.336894e-01
-1.488032e-01
-6.611631e-02
+6.001358e-02
+1.467227e-01
+1.370892e-01
+3.747439e-02
-8.672667e-02
-1.540553e-01
-1.204124e-01
-7.892981e-03
+1.097936e-01
+1.556499e-01
+9.974577e-02
-2.132203e-02
-1.284710e-01
-1.518242e-01
-7.623461e-02
+4.899150e-02
+1.423494e-01
+1.432028e-01
+5.109348e-02
-7.414837e-02
-1.513612e-01
-1.306452e-01
-2.550558e-02
+9.609528e-02
+1.557570e-01
+1.151587e-01
+5.359276e-04
-1.144308e-01
-1.560545e-01
-9.780889e-02
+2.293297e-02
+1.290451e-01
+1.529713e-01
+7.963923e-02
-4.423849e-02
-1.400892e-01
-1.473505e-01
-6.160636e-02
+6.294754e-02
+1.479253e-01
+1.400888e-01
+4.453751e-02
-7.884112e-02
-1.530664e-01
-1.320747e-01
-2.911087e-02
+9.187870e-02
+1.561109e-01
+1.241403e-01
+1.585766e-02
-1.021485e-01
-1.576810e-01
-1.170294e-01
-5.181887e-03
+1.098095e-01
+1.583648e-01
+1.113790e-01
-2.607423e-03
-1.150299e-01
-1.586658e-01
-1.077108e-01
+7.258122e-03
+1.179271e-01
+1.589570e-01
+1.064260e-01
-8.537766e-03
-1.185100e-01
-1.594353e-01
-1.077954e-01
+6.205198e-03
+1.166291e-01
+1.600746e-01
+1.119364e-01

eigenvalue = -6.023939e-01:
+1.111780e-01
+1.553845e-01
+1.059969e-01
-7.229477e-03
-1.161025e-01
-1.550759e-01
-1.007091e-01
+1.425653e-02
+1.206466e-01
+1.544940e-01
+9.548705e-02
-2.088222e-02
-1.247134e-01
-1.537071e-01
-9.052187e-02
+2.691381e-02
+1.282313e-01
+1.528114e-01
+8.601797e-02
-3.216616e-02
-1.311501e-01
-1.519234e-01
-8.218762e-02
+3.646107e-02
+1.334339e-01
+1.511710e-01
+7.924537e-02
-3.962470e-02
-1.350512e-01
-1.506817e-01
-7.740273e-02
+4.148284e-02
+1.359621e-01
+1.505697e-01
+7.686261e-02
-4.185442e-02
-1.361027e-01
-1.509194e-01
-7.781262e-02
+4.054452e-02
+1.353678e-01
+1.517677e-01
+8.041615e-02
-3.733798e-02
-1.335915e-01
-1.530812e-01
-8.479908e-02
+3.199596e-02
+1.305281e-01
+1.547299e-01
+9.102959e-02
-2.425851e-02
-1.258332e-01
-1.564554e-01
-9.908804e-02
+1.385769e-02
+1.190518e-01
+1.578357e-01
+1.088237e-01
-5.465881e-04
-1.096146e-01
-1.582465e-01
-1.198960e-01
-1.584848e-02
+9.685555e-02
+1.568278e-01
+1.316988e-01
+3.534502e-02
-8.005850e-02
-1.524638e-01
-1.432737e-01
-5.768377e-02
+5.855258e-02
+1.437974e-01
+1.532211e-01
+8.216800e-02
-3.187232e-02
-1.293051e-01
-1.596367e-01
-1.074707e-01

eigenvalue = -5.491978e-01:
-1.068349e-01
-1.549978e-01
-1.180447e-01
-1.627631e-02
+9.442743e-02
+1.533042e-01
+1.280624e-01
+3.257501e-02
-8.077387e-02
-1.498517e-01
-1.368368e-01
-4.889859e-02
+6.579803e-02
+1.445110e-01
+1.442474e-01
+6.520866e-02
-4.941359e-02
-1.370939e-01
-1.500918e-01
-8.140291e-02
+3.154566e-02
+1.273602e-01
+1.540744e-01
+9.728933e-02
-1.215817e-02
-1.150327e-01
-1.557982e-01
-1.125576e-01
-8.711181e-03
+9.981893e-02
+1.547610e-01
+1.267488e-01
+3.090685e-02
-8.144742e-02
-1.503625e-01
-1.392255e-01
-5.410123e-02
+5.971929e-02
+1.419250e-01
+1.491470e-01
+7.773121e-02
-3.458199e-02
-1.287396e-01
-1.554590e-01
-1.009292e-01
+6.227167e-03
+1.101443e-01
+1.569080e-01
+1.224572e-01
+2.478640e-02
-8.564706e-02
-1.520992e-01
-1.406604e-01
-5.739116e-02
+5.510149e-02
+1.396190e-01
+1.534641e-01
+8.986667e-02
-1.893842e-02
-1.182469e-01
-1.584538e-01
-1.197261e-01
-2.155819e-02
+8.727567e-02
+1.530816e-01
+1.436875e-01
+6.396630e-02
-4.694620e-02
-1.350537e-01
-1.578102e-01
-1.045049e-01
-1.032242e-03
+1.029339e-01
+1.578935e-01
+1.379987e-01
+5.296339e-02
-5.696294e-02
-1.402382e-01
-1.581987e-01
-1.028203e-01

eigenvalue = -4.982350e-01:
+1.023399e-01
+1.536919e-01
+1.284777e-01
+3.926721e-02
-6.949894e-02
-1.436621e-01
-1.463187e-01
-7.617260e-02
+3.185852e-02
+1.240520e-01
+1.546086e-01
+1.083904e-01
+8.382431e-03
-9.578256e-02
-1.524828e-01
-1.336815e-01
-4.874476e-02
+6.028507e-02
+1.395467e-01
+1.499723e-01
+8.649937e-02
-1.954731e-02
-1.159846e-01
-1.554760e-01
-1.187322e-01
-2.384985e-02
+8.269419e-02
+1.488640e-01
+1.424656e-01
+6.672929e-02
-4.143004e-02
-1.294936e-01
-1.548579e-01
-1.053799e-01
-5.068937e-03
+9.768233e-02
+1.535014e-01
+1.357233e-01
+5.301156e-02
-5.500640e-02
-1.368255e-01
-1.536284e-01
-9.760573e-02
+4.571946e-03
+1.045931e-01
+1.554077e-01
+1.333036e-01
+4.882233e-02
-5.844093e-02
-1.385117e-01
-1.543211e-01
-9.874837e-02
+2.361474e-03
+1.023857e-01
+1.554933e-01
+1.375808e-01
+5.703925e-02
-4.937917e-02
-1.334738e-01
-1.574405e-01
-1.107397e-01
-1.451694e-02
+8.817319e-02
+1.517329e-01
+1.482193e-01
+7.944790e-02
-2.415998e-02
-1.172182e-01
-1.593093e-01
-1.324312e-01
-4.847266e-02
+5.628481e-02
+1.370017e-01
+1.594744e-01
+1.144705e-01
+2.126605e-02
-8.084897e-02
-1.492577e-01
-1.557576e-01
-9.798808e-02

eigenvalue = -4.495834e-01:
+9.770099e-02
+1.514786e-01
+1.371622e-01
+6.119696e-02
-4.226802e-02
-1.267445e-01
-1.543013e-01
-1.125906e-01
-2.035982e-02
+8.100177e-02
+1.460574e-01
+1.456905e-01
+8.011137e-02
-2.129881e-02
-1.131907e-01
-1.545432e-01
-1.269584e-01
-4.279854e-02
+6.041264e-02
+1.367625e-01
+1.523766e-01
+1.004065e-01
+3.961939e-03
-9.423509e-02
-1.508102e-01
-1.408765e-01
-6.891338e-02
+3.334287e-02
+1.209673e-01
+1.556024e-01
+1.222022e-01
+3.547290e-02
-6.670617e-02
-1.398917e-01
-1.524026e-01
-9.895675e-02
-2.780823e-03
+9.459309e-02
+1.513132e-01
+1.431625e-01
+7.379036e-02
-2.705513e-02
-1.163918e-01
-1.563527e-01
-1.301723e-01
-4.908451e-02
+5.264613e-02
+1.323032e-01
+1.566604e-01
+1.157454e-01
+2.676247e-02
-7.329753e-02
-1.431229e-01
-1.541175e-01
-1.019881e-01
-8.238550e-03
+8.886049e-02
+1.499697e-01
+1.505754e-01
+9.067494e-02
-5.513676e-03
-9.950486e-02
-1.540072e-01
-1.476553e-01
-8.321626e-02
+1.381253e-02
+1.054568e-01
+1.561832e-01
+1.465988e-01
+8.068023e-02
-1.608789e-02
-1.067356e-01
-1.569869e-01
-1.481352e-01
-8.381185e-02
+1.172499e-02
+1.029195e-01
+1.562136e-01
+1.523137e-01
+9.297580e-02

eigenvalue = -4.033181e-01:
-9.292642e-02
-1.483752e-01
-1.439897e-01
-8.154839e-02
+1.376500e-02
+1.035314e-01
+1.515929e-01
+1.386161e-01
+6.985462e-02
-2.700287e-02
-1.130067e-01
-1.536204e-01
-1.325797e-01
-5.837456e-02
+3.921714e-02
+1.211129e-01
+1.545869e-01
+1.263261e-01
+4.767713e-02
-4.996480e-02
-1.277292e-01
-1.547508e-01
-1.203860e-01
-3.834096e-02
+5.886474e-02
+1.328339e-01
+1.544605e-01
+1.153350e-01
+3.093319e-02
-6.558769e-02
-1.364656e-01
-1.541034e-01
-1.117532e-01
-2.600027e-02
+6.982673e-02
+1.386647e-01
+1.540418e-01
+1.101839e-01
+2.406933e-02
-7.125066e-02
-1.393978e-01
-1.545376e-01
-1.110891e-01
-2.565393e-02
+6.944663e-02
+1.384672e-01
+1.556606e-01
+1.147900e-01
+3.125054e-02
-6.386361e-02
-1.354105e-01
-1.571752e-01
-1.213783e-01
-4.130424e-02
+5.377637e-02
+1.293995e-01
+1.583999e-01
+1.305743e-01
+5.611120e-02
-3.830327e-02
-1.191609e-01
-1.580410e-01
-1.415138e-01
-7.561618e-02
+1.653020e-02
+1.029677e-01
+1.540291e-01
+1.524525e-01
+9.905901e-02
+1.218266e-02
-7.878831e-02
-1.434307e-01
-1.604244e-01
-1.244431e-01
-4.761943e-02
+4.473572e-02
+1.225926e-01
+1.609763e-01
+1.478698e-01
+8.778400e-02

eigenvalue = -3.595112e-01:
-8.802491e-02
-1.444051e-01
-1.488779e-01
-9.984589e-02
-1.494004e-02
+7.533180e-02
+1.385582e-01
+1.520645e-01
+1.110355e-01
+3.021126e-02
-6.143278e-02
-1.310930e-01
-1.538828e-01
-1.217067e-01
-4.610295e-02
+4.593306e-02
+1.216169e-01
+1.540603e-01
+1.318019e-01
+6.281202e-02
-2.841487e-02
-1.095982e-01
-1.521074e-01
-1.410360e-01
-8.037502e-02
+8.492628e-03
+9.438584e-02
+1.472901e-01
+1.488260e-01
+9.857419e-02
+1.410080e-02
-7.525610e-02
-1.386147e-01
-1.542104e-01
-1.168111e-01
-3.937982e-02
+5.150889e-02
+1.248469e-01
+1.557740e-01
+1.339487e-01
+6.690723e-02
-2.264531e-02
-1.046046e-01
-1.516104e-01
-1.481370e-01
-9.552154e-02
-1.133765e-02
+7.657871e-02
+1.393844e-01
+1.566706e-01
+1.230047e-01
+4.950595e-02
-3.995449e-02
-1.165904e-01
-1.559743e-01
-1.457560e-01
-8.940680e-02
-4.899571e-03
+8.114302e-02
+1.418884e-01
+1.586301e-01
+1.264395e-01
+5.545950e-02
-3.243930e-02
-1.104985e-01
-1.552363e-01
-1.534407e-01
-1.059300e-01
-2.705538e-02
+5.977903e-02
+1.291403e-01
+1.610041e-01
+1.464344e-01
+8.992424e-02
+7.840098e-03
-7.645770e-02
-1.393260e-01
-1.634365e-01
-1.424296e-01
-8.241118e-02

eigenvalue = -3.182321e-01:
+8.300563e-02
+1.395973e-01
+1.517723e-01
+1.156672e-01
+4.277851e-02
-4.370906e-02
-1.163086e-01
-1.519732e-01
-1.394084e-01
-8.263432e-02
+3.233072e-04
+8.317858e-02
+1.397281e-01
+1.521355e-01
+1.165376e-01
+4.421334e-02
-4.202575e-02
-1.150575e-01
-1.519856e-01
-1.412997e-01
-8.642292e-02
-4.566436e-03
+7.871292e-02
+1.375145e-01
+1.536410e-01
+1.221913e-01
+5.298947e-02
-3.254543e-02
-1.080733e-01
-1.504556e-01
-1.468155e-01
-9.838945e-02
-2.003471e-02
+6.439643e-02
+1.293557e-01
+1.553235e-01
+1.346237e-01
+7.361042e-02
-9.370000e-03
-8.956409e-02
-1.432217e-01
-1.546042e-01
-1.205277e-01
-5.115235e-02
+3.314282e-02
+1.078115e-01
+1.513005e-01
+1.512254e-01
+1.078051e-01
+3.362828e-02
-5.009687e-02
-1.196670e-01
-1.555939e-01
-1.480012e-01
-9.922985e-02
-2.299791e-02
+5.956339e-02
+1.258243e-01
+1.578501e-01
+1.471803e-01
+9.694120e-02
+2.080039e-02
-6.086297e-02
-1.264714e-01
-1.589386e-01
-1.500379e-01
-1.023555e-01
-2.840311e-02
+5.278647e-02
+1.206251e-01
+1.581848e-01
+1.563435e-01
+1.158663e-01
+4.698666e-02
-3.331619e-02
-1.055875e-01
-1.526233e-01
-1.635024e-01
-1.359952e-01
-7.685260e-02

eigenvalue = -2.795479e-01:
-7.787800e-02
-1.339864e-01
-1.526466e-01
-1.286536e-01
-6.872394e-02
+1.039375e-02
+8.661102e-02
+1.386746e-01
+1.520937e-01
+1.231643e-01
+5.997359e-02
-1.988310e-02
-9.422079e-02
-1.424377e-01
-1.512194e-01
-1.181947e-01
-5.254407e-02
+2.758688e-02
+1.001286e-01
+1.451754e-01
+1.504353e-01
+1.145514e-01
+4.740537e-02
-3.264869e-02
-1.038338e-01
-1.468827e-01
-1.502328e-01
-1.130880e-01
-4.554586e-02
+3.420308e-02
+1.048129e-01
+1.475042e-01
+1.510329e-01
+1.145969e-01
+4.794273e-02
-3.130807e-02
-1.023634e-01
-1.467255e-01
-1.529771e-01
-1.196561e-01
-5.551165e-02
+2.287093e-02
+9.541340e-02
+1.437033e-01
+1.556375e-01
+1.283869e-01
+6.897254e-02
-7.632947e-03
-8.234590e-02
-1.367513e-01
-1.576179e-01
-1.400464e-01
-8.851977e-02
-1.565850e-02
+6.095372e-02
+1.230557e-01
+1.560514e-01
+1.523781e-01
+1.131393e-01
+4.767518e-02
-2.876215e-02
-9.862716e-02
-1.461218e-01
-1.607238e-01
-1.394264e-01
-8.723325e-02
-1.586667e-02
+5.895838e-02
+1.210414e-01
+1.571926e-01
+1.599668e-01
+1.290841e-01
+7.129560e-02
-1.211736e-03
-7.347136e-02
-1.308613e-01
-1.620376e-01
-1.610953e-01
-1.285636e-01
-7.109860e-02

eigenvalue = -2.435238e-01:
+7.265173e-02
+1.276120e-01
+1.515028e-01
+1.385177e-01
+9.183068e-02
+2.281219e-02
-5.175035e-02
-1.137452e-01
-1.481403e-01
-1.466243e-01
-1.096029e-01
-4.607254e-02
+2.858659e-02
+9.635048e-02
+1.409098e-01
+1.515891e-01
+1.258852e-01
+7.002433e-02
-2.577921e-03
-7.456516e-02
-1.288031e-01
-1.524537e-01
-1.399903e-01
-9.445179e-02
-2.665831e-02
+4.739855e-02
+1.103523e-01
+1.475361e-01
+1.503781e-01
+1.183342e-01
+5.893406e-02
-1.404102e-02
-8.379400e-02
-1.343929e-01
-1.543950e-01
-1.393927e-01
-9.292311e-02
-2.556950e-02
+4.750441e-02
+1.100010e-01
+1.481240e-01
+1.535909e-01
+1.253713e-01
+6.980065e-02
-9.144375e-04
-7.143224e-02
-1.266280e-01
-1.548239e-01
-1.502097e-01
-1.139631e-01
-5.387194e-02
+1.741617e-02
+8.510903e-02
+1.353553e-01
+1.580535e-01
+1.488204e-01
+1.097479e-01
+4.884045e-02
-2.170707e-02
-8.800491e-02
-1.372174e-01
-1.600181e-01
-1.522883e-01
-1.157639e-01
-5.755269e-02
+1.133848e-02
+7.814598e-02
+1.307351e-01
+1.597796e-01
+1.603489e-01
+1.326474e-01
+8.181554e-02
+1.687770e-02
-5.093650e-02
-1.101726e-01
-1.510801e-01
-1.671663e-01
-1.561393e-01
-1.201195e-01
-6.513128e-02

eigenvalue = -2.102244e-01:
-6.733642e-02
-1.205180e-01
-1.483704e-01
-1.450500e-01
-1.112684e-01
-5.413364e-02
+1.435461e-02
+7.983482e-02
+1.286019e-01
+1.504766e-01
+1.409239e-01
+1.019794e-01
+4.179783e-02
-2.707377e-02
-9.032660e-02
-1.348694e-01
-1.515329e-01
-1.369413e-01
-9.416985e-02
-3.206796e-02
+3.659943e-02
+9.779413e-02
+1.390794e-01
+1.521360e-01
+1.344120e-01
+8.958366e-02
+2.675336e-02
-4.143362e-02
-1.013558e-01
-1.411399e-01
-1.529953e-01
-1.347043e-01
-8.998725e-02
-2.769697e-02
+3.997669e-02
+9.991804e-02
+1.406305e-01
+1.544199e-01
+1.388052e-01
+9.690638e-02
+3.676232e-02
-3.026237e-02
-9.165745e-02
-1.361086e-01
-1.555611e-01
-1.466320e-01
-1.111334e-01
-5.563937e-02
+9.792914e-03
+7.348902e-02
+1.242561e-01
+1.533349e-01
+1.558665e-01
+1.316369e-01
+8.499960e-02
+2.402035e-02
-4.097527e-02
-9.918306e-02
-1.411170e-01
-1.601231e-01
-1.533747e-01
-1.222119e-01
-7.180130e-02
-1.020554e-02
+5.296227e-02
+1.080656e-01
+1.469082e-01
+1.639133e-01
+1.568567e-01
+1.270692e-01
+7.910958e-02
+1.998962e-02
-4.191117e-02
-9.806492e-02
-1.409693e-01
-1.651158e-01
-1.676334e-01
-1.485440e-01
-1.106241e-01
-5.891884e-02

eigenvalue = -1.797158e-01:
-6.194099e-02
-1.127511e-01
-1.433042e-01
-1.481210e-01
-1.263506e-01
-8.191634e-02
-2.280091e-02
+4.039689e-02
+9.637018e-02
+1.351313e-01
+1.497926e-01
+1.377824e-01
+1.012827e-01
+4.681569e-02
-1.593896e-02
-7.587832e-02
-1.224476e-01
-1.474965e-01
-1.466936e-01
-1.202539e-01
-7.286249e-02
-1.281734e-02
+4.944620e-02
+1.031823e-01
+1.391901e-01
+1.513767e-01
+1.377621e-01
+1.007672e-01
+4.674650e-02
-1.513600e-02
-7.448518e-02
-1.214301e-01
-1.482578e-01
-1.506560e-01
-1.283679e-01
-8.516710e-02
-2.817456e-02
+3.335231e-02
+8.954588e-02
+1.315149e-01
+1.527352e-01
+1.500284e-01
+1.239895e-01
+7.881250e-02
+2.156469e-02
-3.895962e-02
-9.361311e-02
-1.342795e-01
-1.550576e-01
-1.530764e-01
-1.288344e-01
-8.603558e-02
-3.096600e-02
+2.847547e-02
+8.393846e-02
+1.277994e-01
+1.541905e-01
+1.597430e-01
+1.439586e-01
+1.091766e-01
+6.016536e-02
+3.412409e-03
-5.377387e-02
-1.042238e-01
-1.417991e-01
-1.621090e-01
-1.629718e-01
-1.445814e-01
-1.093782e-01
-6.166131e-02
-7.007505e-03
+4.842109e-02
+9.859094e-02
+1.382494e-01
+1.634472e-01
+1.718825e-01
+1.630465e-01
+1.381690e-01
+9.999160e-02
+5.240442e-02

eigenvalue = -1.520681e-01:
-5.647327e-02
-1.043595e-01
-1.363817e-01
-1.476815e-01
-1.365560e-01
-1.047115e-01
-5.699545e-02
-6.505140e-04
+5.579278e-02
+1.038138e-01
+1.361904e-01
+1.480828e-01
+1.377491e-01
+1.067875e-01
+5.987399e-02
+4.040363e-03
-5.239349e-02
-1.010677e-01
-1.348219e-01
-1.487416e-01
-1.408586e-01
-1.124076e-01
-6.760930e-02
-1.302039e-02
+4.344563e-02
+9.367743e-02
+1.305325e-01
+1.488431e-01
+1.461202e-01
+1.228627e-01
+8.243849e-02
+3.056478e-02
-2.552753e-02
-7.811925e-02
-1.200703e-01
-1.457801e-01
-1.519130e-01
-1.377976e-01
-1.054571e-01
-5.928019e-02
-5.389716e-03
+4.919608e-02
+9.749115e-02
+1.334336e-01
+1.526287e-01
+1.528535e-01
+1.342709e-01
+9.933860e-02
+5.243967e-02
-7.065366e-04
-5.376953e-02
-1.005743e-01
-1.358155e-01
-1.556367e-01
-1.580160e-01
-1.429230e-01
-1.122442e-01
-6.949914e-02
-1.939252e-02
+3.273708e-02
+8.150507e-02
+1.220389e-01
+1.504497e-01
+1.641730e-01
+1.621551e-01
+1.448764e-01
+1.142235e-01
+7.323446e-02
+2.575398e-02
-2.396089e-02
-7.164262e-02
-1.133838e-01
-1.459459e-01
-1.669828e-01
-1.751702e-01
-1.702360e-01
-1.529024e-01
-1.247529e-01
-8.804388e-02
-4.548371e-02

eigenvalue = -1.273583e-01:
+5.094433e-02
+9.540117e-02
+1.277131e-01
+1.437755e-01
+1.415584e-01
+1.213612e-01
+8.576762e-02
+3.930844e-02
-1.212249e-02
-6.202300e-02
-1.041094e-01
-1.331095e-01
-1.454198e-01
-1.395469e-01
-1.162767e-01
-7.855651e-02
-3.110741e-02
+2.018017e-02
+6.898732e-02
+1.093500e-01
+1.363860e-01
+1.468772e-01
+1.396375e-01
+1.156271e-01
+7.780418e-02
+3.073931e-02
-1.995542e-02
-6.830821e-02
-1.086960e-01
-1.364944e-01
-1.485942e-01
-1.437282e-01
-1.225760e-01
-8.764386e-02
-4.293933e-02
+6.512333e-03
+5.525037e-02
+9.798937e-02
+1.301896e-01
+1.485254e-01
+1.512050e-01
+1.381141e-01
+1.107752e-01
+7.213777e-02
+2.622879e-02
-2.229207e-02
-6.862090e-02
-1.082896e-01
-1.375892e-01
-1.538973e-01
-1.558829e-01
-1.435773e-01
-1.183115e-01
-8.253653e-02
-3.955130e-02
+6.829925e-03
+5.263511e-02
+9.408261e-02
+1.278894e-01
+1.515151e-01
+1.633264e-01
+1.626733e-01
+1.498801e-01
+1.261586e-01
+9.345808e-02
+5.427141e-02
+1.141571e-02
-3.219094e-02
-7.373964e-02
-1.107128e-01
-1.410274e-01
-1.631330e-01
-1.760627e-01
-1.794396e-01
-1.734423e-01
-1.587386e-01
-1.363953e-01
-1.077740e-01
-7.442130e-02
-3.796166e-02

eigenvalue = -1.056560e-01:
+4.540944e-02
+8.602172e-02
+1.175500e-01
+1.366729e-01
+1.413855e-01
+1.312084e-01
+1.072331e-01
+7.200004e-02
+2.922295e-02
-1.660924e-02
-6.070936e-02
-9.849592e-02
-1.260704e-01
-1.406170e-01
-1.406846e-01
-1.263223e-01
-9.905683e-02
-6.171813e-02
-1.813284e-02
+2.727850e-02
+6.995738e-02
+1.056680e-01
+1.309158e-01
+1.432815e-01
+1.416407e-01
+1.262491e-01
+9.868922e-02
+6.168912e-02
+1.883461e-02
-2.579260e-02
-6.801309e-02
-1.039442e-01
-1.303530e-01
-1.449365e-01
-1.465048e-01
-1.350559e-01
-1.117385e-01
-7.871367e-02
-3.893137e-02
+4.151990e-03
+4.688780e-02
+8.575081e-02
+1.176287e-01
+1.400619e-01
+1.514163e-01
+1.509786e-01
+1.389715e-01
+1.164923e-01
+8.538671e-02
+4.807174e-02
+7.326256e-03
-3.393190e-02
-7.286354e-02
-1.069043e-01
-1.339262e-01
-1.523552e-01
-1.612410e-01
-1.602768e-01
-1.497745e-01
-1.305994e-01
-1.040751e-01
-7.186679e-02
-3.585487e-02
+1.993233e-03
+3.974273e-02
+7.559651e-02
+1.079802e-01
+1.356042e-01
+1.575022e-01
+1.730453e-01
+1.819365e-01
+1.841858e-01
+1.800724e-01
+1.700966e-01
+1.549261e-01
+1.353409e-01
+1.121795e-01
+8.628923e-02
+5.848342e-02
+2.950526e-02

eigenvalue = -8.691094e-02:
-4.017355e-02
-7.685612e-02
-1.068633e-01
-1.275960e-01
-1.372673e-01
-1.350556e-01
-1.211728e-01
-9.684024e-02
-6.417619e-02
-2.600582e-02
+1.438906e-02
+5.355726e-02
+8.817654e-02
+1.153367e-01
+1.327830e-01
+1.390988e-01
+1.338138e-01
+1.174295e-01
+9.136114e-02
+5.780492e-02
+1.954199e-02
-2.030113e-02
-5.851464e-02
-9.206721e-02
-1.183456e-01
-1.353530e-01
-1.418520e-01
-1.374409e-01
-1.225629e-01
-9.844667e-02
-6.698978e-02
-3.059384e-02
+8.031305e-03
+4.607841e-02
+8.085148e-02
+1.099563e-01
+1.314595e-01
+1.440061e-01
+1.468894e-01
+1.400712e-01
+1.241536e-01
+1.003085e-01
+7.017270e-02
+3.571797e-02
-8.924866e-04
-3.745016e-02
-7.184005e-02
-1.021631e-01
-1.268360e-01
-1.446628e-01
-1.548778e-01
-1.571582e-01
-1.516091e-01
-1.387253e-01
-1.193338e-01
-9.452270e-02
-6.556267e-02
-3.382652e-02
-7.114087e-04
+3.243156e-02
+6.435743e-02
+9.397490e-02
+1.203802e-01
+1.428772e-01
+1.609843e-01
+1.744302e-01
+1.831390e-01
+1.872082e-01
+1.868814e-01
+1.825176e-01
+1.745590e-01
+1.634999e-01
+1.498576e-01
+1.341457e-01
+1.168516e-01
+9.841812e-02
+7.922889e-02
+5.959754e-02
+3.976033e-02
+1.987142e-02

eigenvalue = -7.058357e-02:
+3.604821e-02
+6.955250e-02
+9.815134e-02
+1.198344e-01
+1.330855e-01
+1.369885e-01
+1.312901e-01
+1.164130e-01
+9.342120e-02
+6.393923e-02
+3.003192e-02
-5.945306e-03
-4.151464e-02
-7.424995e-02
-1.019441e-01
-1.227573e-01
-1.353369e-01
-1.389005e-01
-1.332773e-01
-1.189069e-01
-9.679611e-02
-6.843864e-02
-3.570491e-02
-7.100991e-04
+3.432923e-02
+6.723979e-02
+9.602784e-02
+1.189982e-01
+1.348490e-01
+1.427373e-01
+1.423129e-01
+1.337196e-01
+1.175662e-01
+9.487077e-02
+6.698344e-02
+3.549376e-02
+2.129806e-03
-3.134448e-02
-6.322724e-02
-9.196637e-02
-1.162327e-01
-1.349750e-01
-1.474565e-01
-1.532699e-01
-1.523353e-01
-1.448800e-01
-1.314038e-01
-1.126344e-01
-8.947463e-02
-6.294635e-02
-3.413374e-02
-4.129717e-03
+2.601262e-02
+5.532122e-02
+8.293789e-02
+1.081420e-01
+1.303652e-01
+1.491968e-01
+1.643823e-01
+1.758144e-01
+1.835191e-01
+1.876377e-01
+1.884062e-01
+1.861340e-01
+1.811820e-01
+1.739421e-01
+1.648184e-01
+1.542103e-01
+1.424990e-01
+1.300360e-01
+1.171350e-01
+1.040660e-01
+9.105190e-02
+7.826695e-02
+6.583679e-02
+5.383964e-02
+4.230810e-02
+3.123125e-02
+2.055645e-02
+1.019054e-02

eigenvalue = -5.549130e-02:
-3.327826e-02
-6.471032e-02
-9.255508e-02
-1.152753e-01
-1.316240e-01
-1.407138e-01
-1.420648e-01
-1.356279e-01
-1.217838e-01
-1.013172e-01
-7.536732e-02
-4.536030e-02
-1.292578e-02
+2.019604e-02
+5.225146e-02
+8.156865e-02
+1.066459e-01
+1.262281e-01
+1.393667e-01
+1.454617e-01
+1.442831e-01
+1.359709e-01
+1.210161e-01
+1.002242e-01
+7.466266e-02
+4.559807e-02
+1.442600e-02
-1.740232e-02
-4.845212e-02
-7.737221e-02
-1.029540e-01
-1.241800e-01
-1.402593e-01
-1.506507e-01
-1.550713e-01
-1.534925e-01
-1.461249e-01
-1.333928e-01
-1.159008e-01
-9.439554e-02
-6.972388e-02
-4.279092e-02
-1.451887e-02
+1.419061e-02
+4.248948e-02
+6.961083e-02
+9.488991e-02
+1.177788e-01
+1.378543e-01
+1.548204e-01
+1.685047e-01
+1.788505e-01
+1.859056e-01
+1.898079e-01
+1.907698e-01
+1.890617e-01
+1.849954e-01
+1.789082e-01
+1.711490e-01
+1.620650e-01
+1.519909e-01
+1.412407e-01
+1.301004e-01
+1.188239e-01
+1.076301e-01
+9.670153e-02
+8.618509e-02
+7.619318e-02
+6.680610e-02
+5.807487e-02
+5.002452e-02
+4.265742e-02
+3.595662e-02
+2.988897e-02
+2.440789e-02
+1.945572e-02
+1.496544e-02
+1.086185e-02
+7.062018e-03
+3.474889e-03

eigenvalue = -4.068959e-02:
+3.076010e-02
+6.026900e-02
+8.732889e-02
+1.108462e-01
+1.298775e-01
+1.436687e-01
+1.516851e-01
+1.536314e-01
+1.494613e-01
+1.393759e-01
+1.238104e-01
+1.034127e-01
+7.901142e-02
+5.157838e-02
+2.218530e-02
-8.042005e-03
-3.797033e-02
-6.650418e-02
-9.262757e-02
-1.154407e-01
-1.341900e-01
-1.482909e-01
-1.573424e-01
-1.611336e-01
-1.596414e-01
-1.530221e-01
-1.415954e-01
-1.258232e-01
-1.062844e-01
-8.364715e-02
-5.863897e-02
-3.201780e-02
-4.543577e-03
+2.304765e-02
+5.006656e-02
+7.588959e-02
+9.997384e-02
+1.218676e-01
+1.412166e-01
+1.577659e-01
+1.713584e-01
+1.819298e-01
+1.895008e-01
+1.941674e-01
+1.960900e-01
+1.954806e-01
+1.925913e-01
+1.877014e-01
+1.811063e-01
+1.731068e-01
+1.640002e-01
+1.540718e-01
+1.435892e-01
+1.327967e-01
+1.219127e-01
+1.111269e-01
+1.005998e-01
+9.046288e-02
+8.081950e-02
+7.174677e-02
+6.329775e-02
+5.550404e-02
+4.837861e-02
+4.191862e-02
+3.610825e-02
+3.092134e-02
+2.632391e-02
+2.227632e-02
+1.873530e-02
+1.565553e-02
+1.299103e-02
+1.069625e-02
+8.726873e-03
+7.040332e-03
+5.596171e-03
+4.356102e-03
+3.283926e-03
+2.345211e-03
+1.506795e-03
+7.360644e-04

eigenvalue = -2.590449e-02:
-2.754994e-02
-5.438659e-02
-7.981737e-02
-1.031904e-01
-1.239129e-01
-1.414681e-01
-1.554285e-01
-1.654670e-01
-1.713645e-01
-1.730132e-01
-1.704175e-01
-1.636900e-01
-1.530456e-01
-1.387915e-01
-1.213151e-01
-1.010706e-01
-7.856283e-02
-5.433138e-02
-2.893398e-02
-2.930333e-03
+2.313313e-02
+4.873728e-02
+7.340250e-02
+9.669891e-02
+1.182544e-01
+1.377604e-01
+1.549753e-01
+1.697254e-01
+1.819041e-01
+1.914692e-01
+1.984382e-01
+2.028826e-01
+2.049213e-01
+2.047128e-01
+2.024475e-01
+1.983398e-01
+1.926202e-01
+1.855282e-01
+1.773051e-01
+1.681883e-01
+1.584061e-01
+1.481731e-01
+1.376871e-01
+1.271267e-01
+1.166493e-01
+1.063903e-01
+9.646350e-02
+8.696083e-02
+7.795389e-02
+6.949503e-02
+6.161918e-02
+5.434563e-02
+4.768006e-02
+4.161659e-02
+3.613973e-02
+3.122631e-02
+2.684727e-02
+2.296929e-02
+1.955624e-02
+1.657040e-02
+1.397361e-02
+1.172810e-02
+9.797187e-03
+8.145889e-03
+6.741266e-03
+5.552712e-03
+4.552107e-03
+3.713891e-03
+3.015041e-03
+2.434993e-03
+1.955534e-03
+1.560644e-03
+1.236307e-03
+9.703177e-04
+7.520797e-04
+5.723907e-04
+4.232269e-04
+2.975203e-04
+1.889374e-04
+9.163423e-05

eigenvalue = -1.110682e-02:
+2.252831e-02
+4.480671e-02
+6.658991e-02
+8.764173e-02
+1.077394e-01
+1.266773e-01
+1.442708e-01
+1.603589e-01
+1.748067e-01
+1.875072e-01
+1.983824e-01
+2.073833e-01
+2.144906e-01
+2.197128e-01
+2.230854e-01
+2.246688e-01
+2.245458e-01
+2.228189e-01
+2.196076e-01
+2.150446e-01
+2.092731e-01
+2.024432e-01
+1.947089e-01
+1.862249e-01
+1.771439e-01
+1.676141e-01
+1.577770e-01
+1.477652e-01
+1.377013e-01
+1.276966e-01
+1.178501e-01
+1.082482e-01
+9.896452e-02
+9.006002e-02
+8.158335e-02
+7.357146e-02
+6.605036e-02
+5.903602e-02
+5.253536e-02
+4.654730e-02
+4.106387e-02
+3.607124e-02
+3.155081e-02
+2.748019e-02
+2.383413e-02
+2.058542e-02
+1.770559e-02
+1.516562e-02
+1.293651e-02
+1.098980e-02
+9.297894e-03
+7.834465e-03
+6.574616e-03
+5.495079e-03
+4.574315e-03
+3.792557e-03
+3.131825e-03
+2.575885e-03
+2.110198e-03
+1.721840e-03
+1.399388e-03
+1.132819e-03
+9.134055e-04
+7.335774e-04
+5.868151e-04
+4.675451e-04
+3.710200e-04
+2.932212e-04
+2.307670e-04
+1.808224e-04
+1.410223e-04
+1.094084e-04
+8.435795e-05
+6.453671e-05
+4.884765e-05
+3.638549e-05
+2.640563e-05
+1.828131e-05
+1.147705e-05
+5.525581e-06

