Numerical Analysis Of A Quantum Harmonic Oscillator

Program parameters:
  n        = 80
  infinity = 0.4
  N_max    = 200000
  epsilon  = 1.000000e-08

Jacobi eigenpair algorithm completed:
  Number of iterations = 9355
  Max. Abs. off-diag.  = 9.99792e-09
  time spent           = 0.194489 s

Eigenvalues:
-4.104625e+00
-4.067573e+00
-4.040576e+00
-4.019826e+00
-4.004059e+00
-3.990138e+00
-3.973204e+00
-3.952521e+00
-3.928486e+00
-3.901329e+00
-3.871192e+00
-3.838184e+00
-3.802393e+00
-3.763897e+00
-3.722773e+00
-3.679096e+00
-3.632939e+00
-3.584380e+00
-3.533497e+00
-3.480369e+00
-3.425081e+00
-3.367718e+00
-3.308367e+00
-3.247121e+00
-3.184071e+00
-3.119315e+00
-3.052950e+00
-2.985078e+00
-2.915800e+00
-2.845221e+00
-2.773449e+00
-2.700591e+00
-2.626757e+00
-2.552059e+00
-2.476610e+00
-2.400523e+00
-2.323912e+00
-2.246894e+00
-2.169585e+00
-2.092100e+00
-2.014556e+00
-1.937072e+00
-1.859762e+00
-1.782744e+00
-1.706133e+00
-1.630046e+00
-1.554597e+00
-1.479899e+00
-1.406065e+00
-1.333208e+00
-1.261435e+00
-1.190857e+00
-1.121579e+00
-1.053707e+00
-9.873430e-01
-9.225877e-01
-8.595396e-01
-7.982947e-01
-7.389466e-01
-6.815864e-01
-6.263026e-01
-5.731813e-01
-5.223062e-01
-4.737587e-01
-4.276185e-01
-3.839641e-01
-3.428735e-01
-3.044265e-01
-2.687069e-01
-2.358059e-01
-2.058244e-01
-1.788539e-01
-1.548605e-01
-1.333567e-01
-1.132504e-01
-9.355562e-02
-7.390162e-02
-5.422786e-02
-3.452975e-02
-1.480719e-02

Eigenvectors:

eigenvalue = -4.104625e+00:
-1.735075e-09
+6.735536e-09
-1.858495e-08
+2.766602e-08
-3.921731e-08
+5.124651e-08
-7.086050e-08
+9.820294e-08
-1.347504e-07
+1.786473e-07
-2.380959e-07
+3.190825e-07
-4.335593e-07
+5.892460e-07
-8.011441e-07
+1.094529e-06
-1.496773e-06
+2.044748e-06
-2.789237e-06
+3.799561e-06
-5.174095e-06
+7.037656e-06
-9.556492e-06
+1.295232e-05
-1.751721e-05
+2.365256e-05
-3.187421e-05
+4.286880e-05
-5.752665e-05
+7.702390e-05
-1.028891e-04
+1.371115e-04
-1.822565e-04
+2.416350e-04
-3.194789e-04
+4.212038e-04
-5.536820e-04
+7.256059e-04
-9.478940e-04
+1.234195e-03
-1.601466e-03
+2.070638e-03
-2.667374e-03
+3.422912e-03
-4.374968e-03
+5.568708e-03
-7.057720e-03
+8.904948e-03
-1.118352e-02
+1.397735e-02
-1.738142e-02
+2.150153e-02
-2.645341e-02
+3.236088e-02
-3.935289e-02
+4.755918e-02
-5.710421e-02
+6.809931e-02
-8.063269e-02
+9.475742e-02
-1.104773e-01
+1.277308e-01
-1.463746e-01
+1.661652e-01
-1.867430e-01
+2.076182e-01
-2.281607e-01
+2.475975e-01
-2.650194e-01
+2.793990e-01
-2.896244e-01
+2.945475e-01
-2.930511e-01
+2.841315e-01
-2.669961e-01
+2.411703e-01
-2.066065e-01
+1.637862e-01
-1.138015e-01
+5.840312e-02

eigenvalue = -4.067573e+00:
-1.118818e-06
+2.313425e-06
-3.662518e-06
+5.257772e-06
-7.205677e-06
+9.634048e-06
-1.270536e-05
+1.662029e-05
-2.163377e-05
+2.806868e-05
-3.632993e-05
+4.693664e-05
-6.054897e-05
+7.800363e-05
-1.003568e-04
+1.289373e-04
-1.654233e-04
+2.119210e-04
-2.710670e-04
+3.461461e-04
-4.412371e-04
+5.613986e-04
-7.128679e-04
+9.033107e-04
-1.142106e-03
+1.440668e-03
-1.812830e-03
+2.275263e-03
-2.847941e-03
+3.554660e-03
-4.423563e-03
+5.487714e-03
-6.785651e-03
+8.361911e-03
-1.026748e-02
+1.256014e-02
-1.530456e-02
+1.857223e-02
-2.244087e-02
+2.699355e-02
-3.231703e-02
+3.849949e-02
-4.562733e-02
+5.378100e-02
-6.302970e-02
+7.342496e-02
-8.499293e-02
+9.772561e-02
-1.115711e-01
+1.264231e-01
-1.421104e-01
+1.583866e-01
-1.749213e-01
+1.912937e-01
-2.069893e-01
+2.214024e-01
-2.338445e-01
+2.435603e-01
-2.497536e-01
+2.516221e-01
-2.484033e-01
+2.394293e-01
-2.241898e-01
+2.024002e-01
-1.740704e-01
+1.395680e-01
-9.967074e-02
+5.559751e-02
-9.011837e-03
-3.801119e-02
+8.306065e-02
-1.235119e-01
+1.566950e-01
-1.801031e-01
+1.916303e-01
-1.898199e-01
+1.740988e-01
-1.449697e-01
+1.041279e-01
-5.447444e-02

eigenvalue = -4.040576e+00:
+6.177233e-05
-1.260482e-04
+1.954234e-04
-2.726816e-04
+3.609006e-04
-4.635425e-04
+5.845852e-04
-7.286475e-04
+9.011391e-04
-1.108418e-03
+1.357968e-03
-1.658609e-03
+2.020724e-03
-2.456508e-03
+2.980230e-03
-3.608525e-03
+4.360713e-03
-5.259107e-03
+6.329339e-03
-7.600667e-03
+9.106257e-03
-1.088341e-02
+1.297371e-02
-1.542306e-02
+1.828158e-02
-2.160325e-02
+2.544535e-02
-2.986756e-02
+3.493063e-02
-4.069466e-02
+4.721675e-02
-5.454817e-02
+6.273076e-02
-7.179277e-02
+8.174394e-02
-9.256998e-02
+1.042265e-01
-1.166324e-01
+1.296637e-01
-1.431468e-01
+1.568528e-01
-1.704933e-01
+1.837174e-01
-1.961122e-01
+2.072054e-01
-2.164739e-01
+2.233555e-01
-2.272678e-01
+2.276324e-01
-2.239050e-01
+2.156121e-01
-2.023918e-01
+1.840377e-01
-1.605442e-01
+1.321485e-01
-9.936636e-02
+6.301694e-02
-2.423153e-02
-1.555853e-02
+5.465913e-02
-9.117896e-02
+1.231247e-01
-1.485244e-01
+1.655749e-01
-1.728050e-01
+1.692421e-01
-1.545682e-01
+1.292454e-01
-9.459260e-02
+5.279542e-02
-6.831725e-03
-3.969461e-02
+8.281341e-02
-1.185303e-01
+1.432282e-01
-1.540904e-01
+1.495003e-01
-1.293605e-01
+9.527664e-02
-5.055799e-02

eigenvalue = -4.019826e+00:
-1.208569e-03
+2.441070e-03
-3.721730e-03
+5.075356e-03
-6.527623e-03
+8.105327e-03
-9.836609e-03
+1.175116e-02
-1.388033e-02
+1.625729e-02
-1.891691e-02
+2.189575e-02
-2.523181e-02
+2.896412e-02
-3.313223e-02
+3.777541e-02
-4.293170e-02
+4.863657e-02
-5.492141e-02
+6.181161e-02
-6.932432e-02
+7.746589e-02
-8.622895e-02
+9.558917e-02
-1.055018e-01
+1.158981e-01
-1.266815e-01
+1.377244e-01
-1.488647e-01
+1.599032e-01
-1.706023e-01
+1.806857e-01
-1.898392e-01
+1.977150e-01
-2.039368e-01
+2.081095e-01
-2.098308e-01
+2.087070e-01
-2.043715e-01
+1.965073e-01
-1.848716e-01
+1.693226e-01
-1.498466e-01
+1.265847e-01
-9.985610e-02
+7.017608e-02
-3.826613e-02
+5.053445e-03
+2.834299e-02
-6.064180e-02
+9.044578e-02
-1.163060e-01
+1.368027e-01
-1.506404e-01
+1.567525e-01
-1.544088e-01
+1.433178e-01
-1.237128e-01
+9.641160e-02
-6.283749e-02
+2.499258e-02
+1.462471e-02
-5.316101e-02
+8.760580e-02
-1.150367e-01
+1.328958e-01
-1.392724e-01
+1.331638e-01
-1.146794e-01
+8.515377e-02
-4.714103e-02
+4.267738e-03
+3.906047e-02
-7.808695e-02
+1.082338e-01
-1.256795e-01
+1.279142e-01
-1.141900e-01
+8.578769e-02
-4.602956e-02

eigenvalue = -4.004059e+00:
-8.378610e-03
+1.679102e-02
-2.526996e-02
+3.384592e-02
-4.254607e-02
+5.139297e-02
-6.040337e-02
+6.958678e-02
-7.894405e-02
+8.846582e-02
-9.813096e-02
+1.079049e-01
-1.177378e-01
+1.275635e-01
-1.372972e-01
+1.468349e-01
-1.560520e-01
+1.648027e-01
-1.729202e-01
+1.802173e-01
-1.864879e-01
+1.915100e-01
-1.950491e-01
+1.968637e-01
-1.967120e-01
+1.943607e-01
-1.895943e-01
+1.822268e-01
-1.721151e-01
+1.591720e-01
-1.433816e-01
+1.248130e-01
-1.036342e-01
+8.012390e-02
-5.468006e-02
+2.782469e-02
-2.028741e-04
-2.742489e-02
+5.419823e-02
-7.918125e-02
+1.013962e-01
-1.198660e-01
+1.336661e-01
-1.419816e-01
+1.441702e-01
-1.398244e-01
+1.288311e-01
-1.114205e-01
+8.820194e-02
-6.017696e-02
+2.872749e-02
+4.427543e-03
-3.730859e-02
+6.778537e-02
-9.371701e-02
+1.131156e-01
-1.243227e-01
+1.261842e-01
-1.182062e-01
+1.006735e-01
-7.471118e-02
+4.227269e-02
-6.043059e-03
-3.074694e-02
+6.459053e-02
-9.204133e-02
+1.100884e-01
-1.165308e-01
+1.103059e-01
-9.172171e-02
+6.254965e-02
-2.594209e-02
-1.383975e-02
+5.187921e-02
-8.320127e-02
+1.034480e-01
-1.095433e-01
+1.002446e-01
-7.647983e-02
+4.138552e-02

eigenvalue = -3.990138e+00:
-2.100925e-02
+4.181081e-02
-6.219595e-02
+8.195407e-02
-1.008720e-01
+1.187336e-01
-1.353201e-01
+1.504104e-01
-1.637825e-01
+1.752160e-01
-1.844942e-01
+1.914085e-01
-1.957631e-01
+1.973802e-01
-1.961074e-01
+1.918246e-01
-1.844524e-01
+1.739612e-01
-1.603800e-01
+1.438052e-01
-1.244094e-01
+1.024488e-01
-7.826862e-02
+5.230686e-02
-2.509453e-02
-2.747767e-03
+3.051767e-02
-5.744407e-02
+8.270569e-02
-1.054555e-01
+1.248507e-01
-1.400888e-01
+1.504470e-01
-1.553262e-01
+1.542948e-01
-1.471324e-01
+1.338689e-01
-1.148159e-01
+9.058758e-02
-6.210578e-02
+3.058822e-02
+2.484909e-03
-3.542664e-02
+6.642159e-02
-9.362558e-02
+1.152828e-01
-1.298542e-01
+1.361499e-01
-1.334530e-01
+1.216261e-01
-1.011847e-01
+7.332727e-02
-3.991143e-02
+3.367992e-03
+3.344816e-02
-6.746701e-02
+9.566089e-02
-1.153320e-01
+1.244043e-01
-1.216891e-01
+1.070906e-01
-8.171831e-02
+4.787971e-02
-8.934650e-03
-3.099098e-02
+6.741789e-02
-9.601828e-02
+1.131605e-01
-1.164264e-01
+1.050266e-01
-8.004089e-02
+4.442624e-02
-2.757109e-03
-3.929752e-02
+7.571678e-02
-1.010029e-01
+1.110661e-01
-1.039751e-01
+8.043225e-02
-4.385465e-02

eigenvalue = -3.973204e+00:
+3.116959e-02
-6.150319e-02
+9.018275e-02
-1.164260e-01
+1.395040e-01
-1.587588e-01
+1.736200e-01
-1.836215e-01
+1.884161e-01
-1.877896e-01
+1.816731e-01
-1.701524e-01
+1.534748e-01
-1.320521e-01
+1.064598e-01
-7.743055e-02
+4.584311e-02
-1.270415e-02
-2.087561e-02
+5.371221e-02
-8.458558e-02
+1.122827e-01
-1.356458e-01
+1.536242e-01
-1.653282e-01
+1.700822e-01
-1.674747e-01
+1.574023e-01
-1.401026e-01
+1.161754e-01
-8.658537e-02
+5.264598e-02
-1.598122e-02
-2.153620e-02
+5.786941e-02
-9.092318e-02
+1.186669e-01
-1.392692e-01
+1.512352e-01
-1.535392e-01
+1.457381e-01
-1.280573e-01
+1.014364e-01
-6.752355e-02
+2.861336e-02
+1.247655e-02
-5.258833e-02
+8.845802e-02
-1.169872e-01
+1.355318e-01
-1.421817e-01
+1.360033e-01
-1.172122e-01
+8.725107e-02
-4.874742e-02
+5.341465e-03
+3.861612e-02
-7.847931e-02
+1.098014e-01
-1.288602e-01
+1.331533e-01
-1.217957e-01
+9.575714e-02
-5.788428e-02
+1.267844e-02
+3.417343e-02
-7.647942e-02
+1.083638e-01
-1.251249e-01
+1.240057e-01
-1.047456e-01
+6.980217e-02
-2.416389e-02
-2.526212e-02
+7.063768e-02
-1.044308e-01
+1.207157e-01
-1.163119e-01
+9.153454e-02
-5.037314e-02

eigenvalue = -3.952521e+00:
-3.925145e-02
+7.663834e-02
-1.103791e-01
+1.388549e-01
-1.606840e-01
+1.747860e-01
-1.804359e-01
+1.773034e-01
-1.654761e-01
+1.454653e-01
-1.181932e-01
+8.496080e-02
-4.739618e-02
+7.385913e-03
+3.301033e-02
-7.165816e-02
+1.064564e-01
-1.354500e-01
+1.569423e-01
-1.696016e-01
+1.725540e-01
-1.654581e-01
+1.485536e-01
-1.226795e-01
+8.925750e-02
-5.023727e-02
+8.003664e-03
+3.475223e-02
-7.519371e-02
+1.105229e-01
-1.381789e-01
+1.560361e-01
-1.625884e-01
+1.571033e-01
-1.397304e-01
+1.115489e-01
-7.454584e-02
+3.151467e-02
+1.412252e-02
-5.856537e-02
+9.794249e-02
-1.286544e-01
+1.477235e-01
-1.531180e-01
+1.440136e-01
-1.209598e-01
+8.592125e-02
-4.217472e-02
-5.943860e-03
+5.343221e-02
-9.512610e-02
+1.262697e-01
-1.430919e-01
+1.433182e-01
-1.265484e-01
+9.443492e-02
-5.061575e-02
+3.830387e-04
+4.989929e-02
-9.357653e-02
+1.245957e-01
-1.383931e-01
+1.326465e-01
-1.077633e-01
+6.699935e-02
-1.615126e-02
-3.717939e-02
+8.467474e-02
-1.186016e-01
+1.331273e-01
-1.254244e-01
+9.634778e-02
-5.051642e-02
-4.278301e-03
+5.829857e-02
-1.015538e-01
+1.256829e-01
-1.256726e-01
+1.010497e-01
-5.624974e-02

eigenvalue = -3.928486e+00:
+4.646593e-02
-8.960777e-02
+1.263327e-01
-1.539954e-01
+1.705852e-01
-1.748718e-01
+1.664992e-01
-1.460207e-01
+1.148717e-01
-7.528100e-02
+3.012307e-02
+1.727797e-02
-6.338272e-02
+1.046935e-01
-1.380169e-01
+1.607129e-01
-1.709123e-01
+1.676847e-01
-1.511404e-01
+1.224569e-01
-8.382159e-02
+3.829040e-02
+1.043103e-02
-5.827192e-02
+1.011271e-01
-1.352089e-01
+1.573925e-01
-1.655222e-01
+1.586503e-01
-1.371789e-01
+1.028865e-01
-5.882521e-02
+9.088098e-03
+4.154029e-02
-8.802693e-02
+1.255888e-01
-1.502001e-01
+1.590555e-01
-1.509354e-01
+1.264228e-01
-8.793639e-02
+3.955651e-02
+1.335383e-02
-6.470706e-02
+1.083779e-01
-1.389462e-01
+1.524081e-01
-1.467605e-01
+1.223716e-01
-8.206627e-02
+3.088885e-02
+2.445681e-02
-7.644076e-02
+1.177218e-01
-1.422128e-01
+1.460428e-01
-1.282598e-01
+9.114230e-02
-4.002988e-02
-1.734334e-02
+7.195368e-02
-1.148891e-01
+1.388385e-01
-1.394208e-01
+1.161063e-01
-7.252577e-02
+1.605444e-02
+4.332250e-02
-9.471610e-02
+1.283393e-01
-1.374486e-01
+1.198317e-01
-7.849597e-02
+2.134575e-02
+4.018151e-02
-9.332337e-02
+1.266461e-01
-1.326005e-01
+1.093985e-01
-6.172291e-02

eigenvalue = -3.901329e+00:
-5.318809e-02
+1.011267e-01
-1.390772e-01
+1.632742e-01
-1.712971e-01
+1.623133e-01
-1.371714e-01
+9.833072e-02
-4.963412e-02
-4.057994e-03
+5.733980e-02
-1.047946e-01
+1.415412e-01
-1.637384e-01
+1.689966e-01
-1.566525e-01
+1.278733e-01
-8.557540e-02
+3.415754e-02
+2.093140e-02
-7.375084e-02
+1.185000e-01
-1.501580e-01
+1.650626e-01
-1.613616e-01
+1.392795e-01
-1.011584e-01
+5.125748e-02
+4.681052e-03
-6.006170e-02
+1.081977e-01
-1.431221e-01
+1.603504e-01
-1.574983e-01
+1.346656e-01
-9.452236e-02
+4.206508e-02
+1.594717e-02
-7.182432e-02
+1.179504e-01
-1.478359e-01
+1.570738e-01
-1.440561e-01
+1.103286e-01
-6.050600e-02
+1.725195e-03
+5.731486e-02
-1.076120e-01
+1.412446e-01
-1.526703e-01
+1.397240e-01
-1.041283e-01
+5.139187e-02
+9.935942e-03
-6.957681e-02
+1.172198e-01
-1.443320e-01
+1.457672e-01
-1.208610e-01
+7.376955e-02
-1.292279e-02
-5.037173e-02
+1.039741e-01
-1.372535e-01
+1.432800e-01
-1.204064e-01
+7.286155e-02
-1.015115e-02
-5.470555e-02
+1.078128e-01
-1.373991e-01
+1.365372e-01
-1.049420e-01
+4.935418e-02
+1.769425e-02
-8.056956e-02
+1.241462e-01
-1.375232e-01
+1.169266e-01
-6.699684e-02

eigenvalue = -3.871192e+00:
+5.957135e-02
-1.114680e-01
+1.489959e-01
-1.672993e-01
+1.639880e-01
-1.394538e-01
+9.683452e-02
-4.162650e-02
-1.900828e-02
+7.715712e-02
-1.251794e-01
+1.567082e-01
-1.675015e-01
+1.560291e-01
-1.237131e-01
+7.478320e-02
-1.575375e-02
-4.541593e-02
+1.003769e-01
-1.415248e-01
+1.630628e-01
-1.618434e-01
+1.378671e-01
-9.435396e-02
+3.736195e-02
+2.501202e-02
-8.375193e-02
+1.302150e-01
-1.574159e-01
+1.611119e-01
-1.405195e-01
+9.853393e-02
-4.139591e-02
-2.217356e-02
+8.226182e-02
-1.292967e-01
+1.555908e-01
-1.566491e-01
+1.320137e-01
-8.547721e-02
+2.459544e-02
+4.046266e-02
-9.856825e-02
+1.395330e-01
-1.559372e-01
+1.445549e-01
-1.070935e-01
+5.006861e-02
+1.621871e-02
-7.946729e-02
+1.276351e-01
-1.512667e-01
+1.454393e-01
-1.109154e-01
+5.421743e-02
+1.346371e-02
-7.838097e-02
+1.269919e-01
-1.488274e-01
+1.388589e-01
-9.881371e-02
+3.707399e-02
+3.291652e-02
-9.548114e-02
+1.362097e-01
-1.453594e-01
+1.203444e-01
-6.665401e-02
-3.138095e-03
+7.216164e-02
-1.232673e-01
+1.433417e-01
-1.268314e-01
+7.750175e-02
-7.839662e-03
-6.390763e-02
+1.184213e-01
-1.405592e-01
+1.237376e-01
-7.214518e-02

eigenvalue = -3.838184e+00:
-6.569189e-02
+1.207522e-01
-1.562611e-01
+1.664503e-01
-1.496402e-01
+1.085248e-01
-4.975309e-02
-1.712891e-02
+8.121245e-02
-1.319941e-01
+1.610952e-01
-1.636532e-01
+1.391548e-01
-9.156554e-02
+2.872185e-02
+3.892707e-02
-1.000340e-01
+1.442488e-01
-1.639822e-01
+1.557370e-01
-1.207720e-01
+6.496542e-02
+2.120419e-03
-6.883578e-02
+1.234455e-01
-1.561984e-01
+1.611009e-01
-1.370707e-01
+8.823972e-02
-2.332044e-02
-4.588428e-02
+1.065889e-01
-1.473840e-01
+1.604161e-01
-1.429680e-01
+9.811453e-02
-3.428368e-02
-3.623938e-02
+9.962219e-02
-1.431894e-01
+1.579993e-01
-1.407654e-01
+9.469812e-02
-2.903715e-02
-4.269340e-02
+1.054072e-01
-1.456252e-01
+1.544340e-01
-1.295758e-01
+7.616334e-02
-5.783027e-03
-6.589988e-02
+1.225736e-01
-1.510166e-01
+1.442837e-01
-1.035597e-01
+3.815835e-02
+3.644100e-02
-1.021541e-01
+1.426653e-01
-1.475662e-01
+1.151981e-01
-5.339026e-02
-2.222462e-02
+9.202326e-02
-1.374496e-01
+1.460336e-01
-1.150005e-01
+5.239075e-02
+2.477946e-02
-9.497897e-02
+1.381334e-01
-1.414729e-01
+1.035346e-01
-3.501677e-02
-4.397076e-02
+1.096496e-01
-1.417314e-01
+1.298505e-01
-7.719496e-02

eigenvalue = -3.802393e+00:
+7.159102e-02
-1.290334e-01
+1.609652e-01
-1.610538e-01
+1.292541e-01
-7.183411e-02
+1.560641e-04
+7.155301e-02
-1.290110e-01
+1.607206e-01
-1.602787e-01
+1.276917e-01
-6.942334e-02
-2.849650e-03
+7.454591e-02
-1.311023e-01
+1.609335e-01
-1.578288e-01
+1.222889e-01
-6.150731e-02
-1.202859e-02
+8.305820e-02
-1.366945e-01
+1.615556e-01
-1.522228e-01
+1.104895e-01
-4.510126e-02
-3.000115e-02
+9.860153e-02
-1.456953e-01
+1.608009e-01
-1.403626e-01
+8.868253e-02
-1.712300e-02
-5.830287e-02
+1.204660e-01
-1.550168e-01
+1.537599e-01
-1.167044e-01
+5.225843e-02
+2.455319e-02
-9.550639e-02
+1.434783e-01
-1.566284e-01
+1.314327e-01
-7.377448e-02
-2.269047e-03
+7.774196e-02
-1.334844e-01
+1.550336e-01
-1.364952e-01
+8.232650e-02
-6.460788e-03
-7.112420e-02
+1.295968e-01
-1.528999e-01
+1.342956e-01
-7.851304e-02
+7.748203e-04
+7.718229e-02
-1.331117e-01
+1.506583e-01
-1.243108e-01
+6.136653e-02
+1.983398e-02
-9.507159e-02
+1.414231e-01
-1.443467e-01
+1.024692e-01
-2.844601e-02
-5.459747e-02
+1.201403e-01
-1.467544e-01
+1.252972e-01
-6.234804e-02
-2.147406e-02
+9.802797e-02
-1.410372e-01
+1.352511e-01
-8.215363e-02

eigenvalue = -3.763897e+00:
-7.729186e-02
+1.363330e-01
-1.631722e-01
+1.514502e-01
-1.039112e-01
+3.177512e-02
+4.789104e-02
-1.161928e-01
+1.568797e-01
-1.602169e-01
+1.253358e-01
-6.049267e-02
-1.884539e-02
+9.365633e-02
-1.459071e-01
+1.629081e-01
-1.404291e-01
+8.380460e-02
-6.731434e-03
-7.199030e-02
+1.330127e-01
-1.611999e-01
+1.494247e-01
-1.004422e-01
+2.633413e-02
+5.439286e-02
-1.213809e-01
+1.575526e-01
-1.535134e-01
+1.100809e-01
-3.824186e-02
-4.352239e-02
+1.139240e-01
-1.544024e-01
+1.540732e-01
-1.127641e-01
+4.126720e-02
+4.135074e-02
-1.127495e-01
+1.533457e-01
-1.517532e-01
+1.081104e-01
-3.429171e-02
-4.916957e-02
+1.187004e-01
-1.543439e-01
+1.455819e-01
-9.460518e-02
+1.597631e-02
+6.736005e-02
-1.306858e-01
+1.548669e-01
-1.322714e-01
+6.938541e-02
+1.481679e-02
-9.442768e-02
+1.445224e-01
-1.490443e-01
+1.061492e-01
-2.918111e-02
-5.723861e-02
+1.249502e-01
-1.514476e-01
+1.275291e-01
-6.076213e-02
-2.661149e-02
+1.048752e-01
-1.468967e-01
+1.376709e-01
-7.995647e-02
-6.190273e-03
+9.011449e-02
-1.413702e-01
+1.408760e-01
-8.830799e-02
+2.776591e-03
+8.380147e-02
-1.384771e-01
+1.399123e-01
-8.701973e-02

eigenvalue = -3.722773e+00:
-8.280729e-02
+1.426562e-01
-1.629430e-01
+1.380219e-01
-7.478358e-02
-9.232362e-03
+9.068074e-02
-1.468816e-01
+1.621337e-01
-1.321178e-01
+6.515301e-02
+2.006616e-02
-9.965198e-02
+1.512009e-01
-1.601102e-01
+1.237541e-01
-5.231745e-02
-3.399170e-02
+1.106089e-01
-1.555885e-01
+1.559172e-01
-1.113446e-01
+3.459009e-02
+5.219995e-02
-1.237855e-01
+1.591677e-01
-1.478005e-01
+9.283137e-02
-1.035208e-02
-7.520940e-02
+1.382701e-01
-1.597582e-01
+1.329676e-01
-6.578361e-02
-2.149188e-02
+1.021672e-01
-1.512901e-01
+1.534204e-01
-1.076159e-01
+2.798574e-02
+6.049480e-02
-1.297246e-01
+1.574109e-01
-1.343608e-01
+6.771884e-02
+2.104074e-02
-1.028815e-01
+1.506586e-01
-1.482040e-01
+9.598572e-02
-1.130568e-02
-7.722571e-02
+1.392557e-01
-1.531410e-01
+1.136815e-01
-3.432023e-02
-5.718021e-02
+1.282983e-01
-1.533235e-01
+1.228278e-01
-4.749767e-02
-4.531012e-02
+1.213093e-01
-1.519367e-01
+1.252667e-01
-5.096274e-02
-4.288308e-02
+1.201461e-01
-1.505533e-01
+1.217432e-01
-4.463509e-02
-5.033422e-02
+1.249863e-01
-1.487461e-01
+1.114059e-01
-2.789892e-02
-6.727211e-02
+1.340668e-01
-1.438034e-01
+9.178747e-02

eigenvalue = -3.679096e+00:
+8.814401e-02
-1.480001e-01
+1.603478e-01
-1.212040e-01
+4.311805e-02
+4.883100e-02
-1.250671e-01
+1.610191e-01
-1.450481e-01
+8.224402e-02
+7.153136e-03
-9.423371e-02
+1.507433e-01
-1.582575e-01
+1.142297e-01
-3.291830e-02
-5.916223e-02
+1.318404e-01
-1.611687e-01
+1.373584e-01
-6.812927e-02
-2.369552e-02
+1.076366e-01
-1.556481e-01
+1.515251e-01
-9.646748e-02
+8.862769e-03
+8.174360e-02
-1.445552e-01
+1.580138e-01
-1.172969e-01
+3.619003e-02
+5.743410e-02
-1.311021e-01
+1.590030e-01
-1.311291e-01
+5.703102e-02
+3.727259e-02
-1.183027e-01
+1.569809e-01
-1.391581e-01
+7.097419e-02
+2.303880e-02
-1.086197e-01
+1.542159e-01
-1.427079e-01
+7.804030e-02
+1.587477e-02
-1.038036e-01
+1.523435e-01
-1.427079e-01
+7.822477e-02
+1.651923e-02
-1.048305e-01
+1.520467e-01
-1.392539e-01
+7.112441e-02
+2.546458e-02
-1.117929e-01
+1.527563e-01
-1.312888e-01
+5.577675e-02
+4.286292e-02
-1.235990e-01
+1.523256e-01
-1.164757e-01
+3.087528e-02
+6.801312e-02
-1.374064e-01
+1.467519e-01
-9.146811e-02
-4.412628e-03
+9.831950e-02
-1.478980e-01
+1.302650e-01
-5.296039e-02
-4.879928e-02
+1.278433e-01
-1.468940e-01
+9.644903e-02

eigenvalue = -3.632939e+00:
-9.330479e-02
+1.523588e-01
-1.554729e-01
+1.014849e-01
-1.020620e-02
-8.482506e-02
+1.486459e-01
-1.577270e-01
+1.086665e-01
-1.950416e-02
-7.686498e-02
+1.447932e-01
-1.590650e-01
+1.142947e-01
-2.702500e-02
-7.031280e-02
+1.414026e-01
-1.595924e-01
+1.179411e-01
-3.195999e-02
-6.606419e-02
+1.391283e-01
-1.594817e-01
+1.192382e-01
-3.355215e-02
-6.496100e-02
+1.385586e-01
-1.588335e-01
+1.177701e-01
-3.106252e-02
-6.772864e-02
+1.400720e-01
-1.575026e-01
+1.129373e-01
-2.373339e-02
-7.489114e-02
+1.436591e-01
-1.548994e-01
+1.038275e-01
-1.079340e-02
-8.662365e-02
+1.486935e-01
-1.497873e-01
+8.914605e-02
+8.426043e-03
-1.024892e-01
+1.536439e-01
-1.401252e-01
+6.729883e-02
+3.417077e-02
-1.210143e-01
+1.557624e-01
-1.230650e-01
+3.676513e-02
+6.564424e-02
-1.391156e-01
+1.508841e-01
-9.531409e-02
-3.061220e-03
+1.000530e-01
-1.515354e-01
+1.336445e-01
-5.416977e-02
-5.043164e-02
+1.314841e-01
-1.507267e-01
+9.863202e-02
+4.639378e-04
-9.933728e-02
+1.502143e-01
-1.280038e-01
+4.307232e-02
+6.311455e-02
-1.379324e-01
+1.437011e-01
-7.701067e-02
-2.879486e-02
+1.198675e-01
-1.491571e-01
+1.009957e-01

eigenvalue = -3.584380e+00:
-9.828989e-02
+1.557261e-01
-1.484243e-01
+7.940179e-02
+2.265268e-02
-1.152784e-01
+1.598910e-01
-1.378586e-01
+5.831423e-02
+4.558185e-02
-1.304220e-01
+1.606714e-01
-1.235783e-01
+3.461424e-02
+6.890160e-02
-1.434025e-01
+1.574072e-01
-1.048810e-01
+7.935416e-03
+9.237811e-02
-1.533963e-01
+1.490103e-01
-8.093381e-02
-2.182447e-02
+1.152055e-01
-1.589489e-01
+1.340097e-01
-5.099092e-02
-5.419556e-02
+1.357458e-01
-1.578980e-01
+1.107243e-01
-1.476632e-02
-8.772096e-02
+1.512767e-01
-1.474397e-01
+7.766396e-02
+2.698329e-02
-1.194655e-01
+1.578643e-01
-1.244919e-01
+3.427481e-02
+7.166204e-02
-1.445834e-01
+1.505869e-01
-8.656711e-02
-1.789876e-02
+1.139613e-01
-1.562562e-01
+1.244588e-01
-3.334598e-02
-7.374118e-02
+1.453175e-01
-1.465424e-01
+7.644059e-02
+3.107041e-02
-1.232918e-01
+1.545020e-01
-1.088233e-01
+8.677550e-03
+9.583660e-02
-1.518227e-01
+1.304761e-01
-4.227228e-02
-6.772326e-02
+1.425939e-01
-1.430523e-01
+6.839515e-02
+4.240082e-02
-1.306512e-01
+1.489884e-01
-8.708744e-02
-2.201834e-02
+1.191115e-01
-1.507932e-01
+9.911741e-02
+7.714942e-03
-1.102253e-01
+1.505700e-01
-1.054186e-01

eigenvalue = -3.533497e+00:
-1.030979e-01
+1.580978e-01
-1.393291e-01
+5.553232e-02
+5.419216e-02
-1.386028e-01
+1.582330e-01
-1.038580e-01
+8.706979e-04
+1.025245e-01
-1.578416e-01
+1.390593e-01
-5.491708e-02
-5.507051e-02
+1.391043e-01
-1.574822e-01
+1.014110e-01
+2.683554e-03
-1.055050e-01
+1.581791e-01
-1.355192e-01
+4.818170e-02
+6.220145e-02
-1.427650e-01
+1.547228e-01
-9.214367e-02
-1.493980e-02
+1.147882e-01
-1.588929e-01
+1.256147e-01
-3.097991e-02
-7.883318e-02
+1.499017e-01
-1.470597e-01
+7.146803e-02
+3.959868e-02
-1.309409e-01
+1.568273e-01
-1.040307e-01
-1.155320e-03
+1.057573e-01
-1.566877e-01
+1.277825e-01
-3.350441e-02
-7.798537e-02
+1.492436e-01
-1.431779e-01
+6.260627e-02
+5.068903e-02
-1.373698e-01
+1.515921e-01
-8.548084e-02
-2.614426e-02
+1.237820e-01
-1.548728e-01
+1.022900e-01
+5.834155e-03
-1.107744e-01
+1.549505e-01
-1.136880e-01
+9.408792e-03
+1.001134e-01
-1.535476e-01
+1.204894e-01
-1.918710e-02
-9.304291e-02
+1.519844e-01
-1.233867e-01
+2.331521e-02
+9.033988e-02
-1.510560e-01
+1.227344e-01
-2.164062e-02
-9.236086e-02
+1.509418e-01
-1.184025e-01
+1.395029e-02
+9.902680e-02
-1.511152e-01
+1.097086e-01

eigenvalue = -3.480369e+00:
+1.077264e-01
-1.594723e-01
+1.283359e-01
-3.048403e-02
-8.322014e-02
+1.536298e-01
-1.440739e-01
+5.948052e-02
+5.611356e-02
-1.424385e-01
+1.544006e-01
-8.567585e-02
-2.786958e-02
+1.268183e-01
-1.592621e-01
+1.080746e-01
-5.351580e-05
-1.079958e-01
+1.590738e-01
-1.260918e-01
+2.635866e-02
+8.735475e-02
-1.546449e-01
+1.395818e-01
-5.002706e-02
-6.628577e-02
+1.470617e-01
-1.488055e-01
+7.038030e-02
+4.606008e-02
-1.375553e-01
+1.543489e-01
-8.708368e-02
-2.774557e-02
+1.273752e-01
-1.570116e-01
+1.000976e-01
+1.217194e-02
-1.176880e-01
+1.576844e-01
-1.095906e-01
+5.763086e-05
+1.095078e-01
-1.572318e-01
+1.158301e-01
-8.519462e-03
-1.036577e-01
+1.563872e-01
-1.190662e-01
+1.290315e-02
+1.007514e-01
-1.556618e-01
+1.194211e-01
-1.294489e-02
-1.011784e-01
+1.552624e-01
-1.167934e-01
+8.381254e-03
+1.050736e-01
-1.550094e-01
+1.107890e-01
+1.054024e-03
-1.122505e-01
+1.542535e-01
-1.006936e-01
-1.556451e-02
+1.220815e-01
-1.517967e-01
+8.551666e-02
+3.512934e-02
-1.333233e-01
+1.458486e-01
-6.414836e-02
-5.922181e-02
+1.439100e-01
-1.340774e-01
+3.568835e-02
+8.640554e-02
-1.507807e-01
+1.138573e-01

eigenvalue = -3.425081e+00:
-1.121722e-01
+1.598517e-01
-1.156139e-01
+4.882064e-03
+1.086584e-01
-1.596629e-01
+1.187340e-01
-9.400755e-03
-1.053518e-01
+1.593275e-01
-1.213143e-01
+1.319720e-02
+1.025535e-01
-1.589217e-01
+1.231631e-01
-1.591995e-02
-1.005753e-01
+1.585390e-01
-1.241031e-01
+1.722533e-02
+9.972359e-02
-1.582671e-01
+1.239518e-01
-1.677521e-02
-1.002814e-01
+1.581558e-01
-1.224963e-01
+1.423358e-02
+1.024844e-01
-1.581803e-01
+1.194636e-01
-9.265374e-03
-1.064911e-01
+1.581957e-01
-1.144910e-01
+1.542958e-03
+1.123409e-01
-1.578873e-01
+1.071015e-01
+9.231634e-03
-1.198971e-01
+1.567164e-01
-9.669492e-02
-2.327839e-02
+1.287695e-01
-1.538696e-01
+8.256719e-02
+4.065253e-02
-1.382162e-01
+1.482239e-01
-6.397824e-02
-6.110785e-02
+1.470324e-01
-1.383532e-01
+4.029374e-02
+8.390381e-02
-1.534468e-01
+1.226125e-01
-1.122724e-02
-1.075658e-01
+1.550739e-01
-9.935530e-02
-2.279830e-02
+1.296381e-01
-1.489973e-01
+6.734349e-02
+6.018110e-02
-1.465183e-01
+1.320975e-01
-2.639425e-02
-9.763752e-02
+1.535328e-01
-1.017496e-01
-2.175433e-02
+1.298462e-01
-1.454755e-01
+5.697698e-02
+7.251684e-02
-1.495602e-01
+1.178561e-01

eigenvalue = -3.367718e+00:
-1.164315e-01
+1.592425e-01
-1.013518e-01
-2.064410e-02
+1.295791e-01
-1.565045e-01
+8.433746e-02
+4.125542e-02
-1.406988e-01
+1.509029e-01
-6.532577e-02
-6.174849e-02
+1.495634e-01
-1.421957e-01
+4.424041e-02
+8.193001e-02
-1.557860e-01
+1.300434e-01
-2.104907e-02
-1.014395e-01
+1.588001e-01
-1.140465e-01
-4.162887e-03
+1.196864e-01
-1.578531e-01
+9.380618e-02
+3.109920e-02
-1.357882e-01
+1.520246e-01
-6.902064e-02
-5.913873e-02
+1.485198e-01
-1.402856e-01
+3.962574e-02
+8.720585e-02
-1.562936e-01
+1.216200e-01
-5.987911e-03
-1.136411e-01
+1.572016e-01
-9.523262e-02
-3.085424e-02
+1.361052e-01
-1.491622e-01
+6.086425e-02
+6.892273e-02
-1.515745e-01
+1.302232e-01
-1.921716e-02
-1.050647e-01
+1.565106e-01
-9.907024e-02
-2.754329e-02
+1.348549e-01
-1.473105e-01
+5.575724e-02
+7.531442e-02
-1.527988e-01
+1.211361e-01
-2.598058e-03
-1.178108e-01
+1.530396e-01
-7.715790e-02
-5.497748e-02
+1.468600e-01
-1.307541e-01
+1.808499e-02
+1.079988e-01
-1.536185e-01
+8.427220e-02
+4.842793e-02
-1.445546e-01
+1.310074e-01
-1.760133e-02
-1.092842e-01
+1.520803e-01
-7.729718e-02
-5.753579e-02
+1.474534e-01
-1.216970e-01

eigenvalue = -3.308367e+00:
-1.205004e-01
+1.576558e-01
-8.575592e-02
-4.547439e-02
+1.452354e-01
-1.444583e-01
+4.364225e-02
+8.741033e-02
-1.578706e-01
+1.188306e-01
+2.686378e-03
-1.223374e-01
+1.569463e-01
-8.235912e-02
-4.958397e-02
+1.469611e-01
-1.417776e-01
+3.753690e-02
+9.296218e-02
-1.583472e-01
+1.126694e-01
+1.214586e-02
-1.284173e-01
+1.542145e-01
-7.118568e-02
-6.216249e-02
+1.514923e-01
-1.333518e-01
+2.043134e-02
+1.070392e-01
-1.581286e-01
+9.614528e-02
+3.473619e-02
-1.406705e-01
+1.453468e-01
-4.515453e-02
-8.769524e-02
+1.569644e-01
-1.121444e-01
-1.439793e-02
+1.304204e-01
-1.508935e-01
+6.051252e-02
+7.444942e-02
-1.544048e-01
+1.199438e-01
+3.663585e-03
-1.245397e-01
+1.522827e-01
-6.578544e-02
-7.022185e-02
+1.532073e-01
-1.201269e-01
-4.266136e-03
+1.254052e-01
-1.505588e-01
+6.006690e-02
+7.672847e-02
-1.541614e-01
+1.118846e-01
+1.759783e-02
-1.333121e-01
+1.443264e-01
-4.155050e-02
-9.411349e-02
+1.549887e-01
-9.220455e-02
-4.444503e-02
+1.453432e-01
-1.288423e-01
+7.833928e-03
+1.195557e-01
-1.491424e-01
+5.619548e-02
+8.312249e-02
-1.535480e-01
+9.614639e-02
+4.165477e-02
-1.444659e-01
+1.253725e-01

eigenvalue = -3.247121e+00:
+1.243748e-01
-1.551074e-01
+6.904763e-02
+6.901179e-02
-1.550867e-01
+1.243055e-01
+1.719065e-04
-1.245197e-01
+1.549248e-01
-6.838422e-02
-6.980821e-02
+1.552375e-01
-1.232465e-01
-2.042162e-03
+1.257836e-01
-1.541350e-01
+6.547904e-02
+7.293618e-02
-1.558630e-01
+1.200716e-01
+7.290479e-03
-1.290853e-01
+1.521708e-01
-5.872701e-02
-7.975608e-02
+1.569768e-01
-1.134252e-01
-1.753843e-02
+1.349624e-01
-1.480080e-01
+4.637296e-02
+9.126208e-02
-1.579088e-01
+1.014757e-01
+3.421709e-02
-1.431263e-01
+1.397552e-01
-2.649950e-02
-1.076403e-01
+1.567473e-01
-8.172649e-02
-5.817481e-02
+1.517749e-01
-1.242632e-01
-2.670492e-03
+1.274618e-01
-1.497124e-01
+5.118270e-02
+8.875720e-02
-1.566767e-01
+9.708556e-02
+4.175739e-02
-1.464085e-01
+1.308025e-01
-7.416400e-03
-1.221004e-01
+1.503526e-01
-5.349466e-02
-8.802678e-02
+1.558021e-01
-9.259915e-02
-4.872248e-02
+1.487946e-01
-1.224405e-01
-8.326794e-03
+1.319671e-01
-1.422335e-01
+2.984480e-02
+1.083788e-01
-1.524230e-01
+6.349744e-02
+8.103999e-02
-1.543190e-01
+9.135979e-02
+5.258259e-02
-1.497236e-01
+1.130513e-01
+2.508089e-02
-1.406090e-01
+1.288753e-01

eigenvalue = -3.184071e+00:
-1.280507e-01
+1.516180e-01
-5.146104e-02
-9.069574e-02
+1.588159e-01
-9.725673e-02
-4.374235e-02
+1.489985e-01
-1.324500e-01
+7.570033e-03
+1.235050e-01
-1.534443e-01
+5.764514e-02
+8.542589e-02
-1.583872e-01
+1.012467e-01
+3.913590e-02
-1.473106e-01
+1.341264e-01
-1.032384e-02
-1.220030e-01
+1.534720e-01
-5.790732e-02
-8.565260e-02
+1.581230e-01
-9.916621e-02
-4.233789e-02
+1.485446e-01
-1.307095e-01
+3.543997e-03
+1.265909e-01
-1.504700e-01
+4.781871e-02
+9.511911e-02
-1.577650e-01
+8.697293e-02
+5.753167e-02
-1.531738e-01
+1.184431e-01
+1.732197e-02
-1.382777e-01
+1.407402e-01
-2.231434e-02
-1.153246e-01
+1.534221e-01
-5.876173e-02
-8.687625e-02
+1.569494e-01
-9.014457e-02
-5.548996e-02
+1.524656e-01
-1.153694e-01
-2.346763e-02
+1.415492e-01
-1.340709e-01
+7.310070e-03
+1.259743e-01
-1.464915e-01
+3.546440e-02
+1.075097e-01
-1.533251e-01
+6.012507e-02
+8.776894e-02
-1.555546e-01
+8.088085e-02
+6.811930e-02
-1.543028e-01
+9.769450e-02
+4.964190e-02
-1.507104e-01
+1.108010e-01
+3.313520e-02
-1.458465e-01
+1.206038e-01
+1.914848e-02
-1.406503e-01
+1.275800e-01
+8.033019e-03
-1.358998e-01
+1.321986e-01

eigenvalue = -3.119315e+00:
-1.315238e-01
+1.472134e-01
-3.323997e-02
-1.100147e-01
+1.563381e-01
-6.488162e-02
-8.377210e-02
+1.585489e-01
-9.344660e-02
-5.413729e-02
+1.539113e-01
-1.176837e-01
-2.259935e-02
+1.428864e-01
-1.366526e-01
+9.321082e-03
+1.262775e-01
-1.497755e-01
+4.018498e-02
+1.051496e-01
-1.568548e-01
+6.873345e-02
+8.073167e-02
-1.580561e-01
+9.396279e-02
+5.431432e-02
-1.538622e-01
+1.151707e-01
+2.715193e-02
-1.450054e-01
+1.319722e-01
+3.797255e-04
-1.323878e-01
+1.442881e-01
-2.504845e-02
-1.169993e-01
+1.523097e-01
-4.839842e-02
-9.984095e-02
+1.564486e-01
-6.916994e-02
-8.186118e-02
+1.572769e-01
-8.708950e-02
-6.390802e-02
+1.554667e-01
-1.020859e-01
-4.669984e-02
+1.517338e-01
-1.142538e-01
-3.081348e-02
+1.467893e-01
-1.238105e-01
-1.668755e-02
+1.413025e-01
-1.310506e-01
-4.637758e-03
+1.358743e-01
-1.363018e-01
+5.119725e-03
+1.310206e-01
-1.398840e-01
+1.244064e-02
+1.271631e-01
-1.420743e-01
+1.722439e-02
+1.246245e-01
-1.430756e-01
+1.938857e-02
+1.236248e-01
-1.429913e-01
+1.884919e-02
+1.242760e-01
-1.418028e-01
+1.550956e-02
+1.265702e-01
-1.393533e-01
+9.261215e-03
+1.303611e-01
-1.353359e-01

eigenvalue = -3.052950e+00:
-1.347903e-01
+1.419242e-01
-1.463498e-02
-1.265175e-01
+1.478022e-01
-2.902081e-02
-1.172702e-01
+1.523604e-01
-4.291990e-02
-1.072527e-01
+1.555901e-01
-5.611684e-02
-9.669890e-02
+1.575374e-01
-6.842721e-02
-8.586245e-02
+1.583001e-01
-7.970400e-02
-7.500548e-02
+1.580207e-01
-8.984106e-02
-6.438875e-02
+1.568792e-01
-9.877346e-02
-5.426312e-02
+1.550828e-01
-1.064747e-01
-4.486305e-02
+1.528556e-01
-1.129513e-01
-3.640246e-02
+1.504282e-01
-1.182345e-01
-2.907310e-02
+1.480274e-01
-1.223703e-01
-2.304507e-02
+1.458663e-01
-1.254083e-01
-1.846919e-02
+1.441348e-01
-1.273890e-01
-1.548055e-02
+1.429912e-01
-1.283311e-01
-1.420224e-02
+1.425525e-01
-1.282192e-01
-1.474828e-02
+1.428849e-01
-1.269912e-01
-1.722440e-02
+1.439918e-01
-1.245282e-01
-2.172522e-02
+1.458011e-01
-1.206458e-01
-2.832607e-02
+1.481480e-01
-1.150902e-01
-3.706768e-02
+1.507570e-01
-1.075397e-01
-4.793181e-02
+1.532217e-01
-9.761614e-02
-6.080631e-02
+1.549856e-01
-8.490917e-02
-7.543882e-02
+1.553280e-01
-6.901899e-02
-9.137981e-02
+1.533621e-01
-4.962275e-02
-1.079187e-01
+1.480547e-01
-2.656865e-02
-1.240212e-01
+1.382812e-01

eigenvalue = -2.985078e+00:
+1.378462e-01
-1.357859e-01
-4.099874e-03
+1.398236e-01
-1.335827e-01
-8.315764e-03
+1.417671e-01
-1.311664e-01
-1.276271e-02
+1.437135e-01
-1.284557e-01
-1.755365e-02
+1.456858e-01
-1.253577e-01
-2.279788e-02
+1.476903e-01
-1.217665e-01
-2.859904e-02
+1.497128e-01
-1.175617e-01
-3.505220e-02
+1.517139e-01
-1.126070e-01
-4.223988e-02
+1.536233e-01
-1.067495e-01
-5.022655e-02
+1.553336e-01
-9.981927e-02
-5.905108e-02
+1.566931e-01
-9.163162e-02
-6.871707e-02
+1.574984e-01
-8.199101e-02
-7.918020e-02
+1.574872e-01
-7.069914e-02
-9.033264e-02
+1.563332e-01
-5.756780e-02
-1.019844e-01
+1.536432e-01
-4.243818e-02
-1.138419e-01
+1.489594e-01
-2.520813e-02
-1.254854e-01
+1.417704e-01
-5.868473e-03
-1.363473e-01
+1.315327e-01
+1.545079e-02
-1.456945e-01
+1.177091e-01
+3.842522e-02
-1.526223e-01
+9.982706e-02
+6.247437e-02
-1.560657e-01
+7.756125e-02
+8.669998e-02
-1.548400e-01
+5.084248e-02
+1.098348e-01
-1.477216e-01
+1.999036e-02
+1.302179e-01
-1.335813e-01
-1.413934e-02
+1.458201e-01
-1.115787e-01
-5.001215e-02
+1.543452e-01
-8.141850e-02
-8.531020e-02
+1.534392e-01
-4.365386e-02
-1.169135e-01
+1.410290e-01

eigenvalue = -2.915800e+00:
-1.406880e-01
+1.288386e-01
+2.271025e-02
-1.496316e-01
+1.142639e-01
+4.505842e-02
-1.554888e-01
+9.715240e-02
+6.666835e-02
-1.580756e-01
+7.771168e-02
+8.713654e-02
-1.572053e-01
+5.618410e-02
+1.060205e-01
-1.526959e-01
+3.286506e-02
+1.228297e-01
-1.443819e-01
+8.124151e-03
+1.370211e-01
-1.321344e-01
-1.757204e-02
+1.480002e-01
-1.158876e-01
-4.363672e-02
+1.551307e-01
-9.567401e-02
-6.934167e-02
+1.577549e-01
-7.166785e-02
-9.380112e-02
+1.552285e-01
-4.423467e-02
-1.159654e-01
+1.469715e-01
-1.398595e-02
-1.346300e-01
+1.325392e-01
+1.816684e-02
-1.484675e-01
+1.117134e-01
+5.096610e-02
-1.560901e-01
+8.461174e-02
+8.278103e-02
-1.561509e-01
+5.181008e-02
+1.116143e-01
-1.474912e-01
+1.446605e-02
+1.351607e-01
-1.293335e-01
-2.557672e-02
+1.509379e-01
-1.015176e-01
-6.573182e-02
+1.565067e-01
-6.475770e-02
-1.026989e-01
+1.497932e-01
-2.088909e-02
-1.326211e-01
+1.295071e-01
+2.695473e-02
-1.514150e-01
+9.562655e-02
+7.430855e-02
-1.552990e-01
+4.988335e-02
+1.155766e-01
-1.415202e-01
-3.863403e-03
+1.445563e-01
-1.092170e-01
-5.951713e-02
+1.553394e-01
-6.028247e-02
-1.090767e-01
+1.435738e-01

eigenvalue = -2.845221e+00:
+1.433121e-01
-1.211269e-01
-4.094490e-02
+1.557254e-01
-9.061671e-02
-7.918948e-02
+1.574798e-01
-5.372759e-02
-1.121520e-01
+1.482993e-01
-1.283202e-02
-1.374912e-01
+1.285597e-01
+2.935972e-02
-1.532348e-01
+9.931677e-02
+6.991021e-02
-1.579136e-01
+6.231401e-02
+1.057931e-01
-1.507006e-01
+1.996150e-02
+1.340643e-01
-1.315460e-01
-2.472667e-02
+1.520686e-01
-1.012980e-01
-6.825025e-02
+1.576797e-01
-6.179008e-02
-1.068096e-01
+1.495647e-01
-1.587071e-02
-1.365719e-01
+1.274541e-01
+3.265253e-02
-1.540207e-01
+9.238699e-02
+7.918660e-02
-1.563800e-01
+4.688735e-02
+1.186719e-01
-1.420863e-01
-4.984321e-03
+1.460639e-01
-1.112589e-01
-5.776667e-02
+1.569726e-01
-6.609013e-02
-1.049816e-01
+1.484224e-01
-1.105385e-02
-1.398084e-01
+1.196457e-01
+4.718944e-02
-1.560501e-01
+7.277326e-02
+1.003065e-01
-1.493257e-01
+1.323048e-02
+1.393045e-01
-1.183328e-01
-5.037990e-02
+1.560387e-01
-6.592098e-02
-1.071129e-01
+1.450767e-01
+3.727273e-04
-1.453497e-01
+1.056042e-01
+6.870989e-02
-1.552325e-01
+4.287146e-02
+1.245681e-01
-1.315241e-01
-3.144284e-02
+1.536713e-01
-7.622443e-02
-1.005541e-01
+1.459109e-01

eigenvalue = -2.773449e+00:
+1.457153e-01
-1.126998e-01
-5.855884e-02
+1.579792e-01
-6.356828e-02
-1.088511e-01
+1.476635e-01
-5.182532e-03
-1.436631e-01
+1.160148e-01
+5.421457e-02
-1.577870e-01
+6.727148e-02
+1.060332e-01
-1.487759e-01
+8.220973e-03
+1.424687e-01
-1.174091e-01
-5.258648e-02
+1.576191e-01
-6.778630e-02
-1.059189e-01
+1.484590e-01
-6.991275e-03
-1.431498e-01
+1.155284e-01
+5.569899e-02
-1.576185e-01
+6.319735e-02
+1.100348e-01
-1.458886e-01
-6.164345e-04
+1.463499e-01
-1.086911e-01
-6.534704e-02
+1.572815e-01
-5.133128e-02
-1.192931e-01
+1.393976e-01
+1.664679e-02
-1.516235e-01
+9.441058e-02
+8.266311e-02
-1.546189e-01
+2.962675e-02
+1.331672e-01
-1.257530e-01
-4.267797e-02
+1.563643e-01
-6.910635e-02
-1.071273e-01
+1.451688e-01
+4.419287e-03
-1.482842e-01
+9.972623e-02
+7.850776e-02
-1.544440e-01
+2.870984e-02
+1.345936e-01
-1.213855e-01
-5.136480e-02
+1.564526e-01
-5.497709e-02
-1.192519e-01
+1.353005e-01
+2.854429e-02
-1.543459e-01
+7.393791e-02
+1.054962e-01
-1.432852e-01
-1.179415e-02
+1.509575e-01
-8.587973e-02
-9.569455e-02
+1.471154e-01
+2.088770e-03
-1.484368e-01
+9.125731e-02
+9.139356e-02
-1.480358e-01

eigenvalue = -2.700591e+00:
+1.478948e-01
-1.036101e-01
-7.531662e-02
+1.563597e-01
-3.416650e-02
-1.324438e-01
+1.268391e-01
+4.373305e-02
-1.574098e-01
+6.623585e-02
+1.111671e-01
-1.437905e-01
-1.093380e-02
+1.514055e-01
-9.441580e-02
-8.577674e-02
+1.539747e-01
-2.101131e-02
-1.394204e-01
+1.174605e-01
+5.827441e-02
-1.576603e-01
+5.032006e-02
+1.230557e-01
-1.348032e-01
-3.066846e-02
+1.557837e-01
-7.570263e-02
-1.041945e-01
+1.465634e-01
+4.730294e-03
-1.497665e-01
+9.645478e-02
+8.475274e-02
-1.534425e-01
+1.816378e-02
+1.412912e-01
-1.124340e-01
-6.648023e-02
+1.565436e-01
-3.708466e-02
-1.320827e-01
+1.239386e-01
+5.084091e-02
-1.571570e-01
+5.150096e-02
+1.237334e-01
-1.315219e-01
-3.898016e-02
+1.565487e-01
-6.115220e-02
-1.175849e-01
+1.357774e-01
+3.176151e-02
-1.557706e-01
+6.587885e-02
+1.146547e-01
-1.371205e-01
-2.983816e-02
+1.554919e-01
-6.544716e-02
-1.155791e-01
+1.355862e-01
+3.371208e-02
-1.558372e-01
+5.940959e-02
+1.205263e-01
-1.306550e-01
-4.372369e-02
+1.562109e-01
-4.704997e-02
-1.290321e-01
+1.211365e-01
+5.990745e-02
-1.551070e-01
+2.748238e-02
+1.397242e-01
-1.051694e-01
-8.164719e-02
+1.499443e-01

eigenvalue = -2.626757e+00:
-1.498477e-01
+9.391444e-02
+9.099530e-02
-1.509264e-01
+3.540012e-03
+1.487099e-01
-9.661441e-02
-8.827153e-02
+1.518015e-01
-6.571246e-03
-1.476989e-01
+9.870675e-02
+8.618037e-02
-1.523657e-01
+8.587655e-03
+1.470305e-01
-9.982214e-02
-8.516976e-02
+1.525299e-01
-9.086665e-03
-1.469234e-01
+9.959189e-02
+8.567902e-02
-1.521865e-01
+7.567259e-03
+1.475590e-01
-9.761837e-02
-8.811146e-02
+1.511582e-01
-3.527929e-03
-1.490245e-01
+9.343765e-02
+9.279513e-02
-1.491333e-01
-3.528971e-03
+1.512397e-01
-8.648165e-02
-9.992390e-02
+1.455909e-01
+1.407400e-02
-1.538628e-01
+7.605316e-02
+1.094675e-01
-1.397267e-01
-2.848963e-02
+1.561759e-01
-6.133577e-02
-1.210374e-01
+1.303962e-01
+4.694569e-02
-1.569576e-01
+4.147288e-02
+1.336990e-01
-1.161110e-01
-6.918233e-02
+1.543680e-01
-1.576345e-02
-1.457371e-01
+9.514950e-02
+9.417871e-02
-1.459086e-01
-1.596954e-02
+1.544206e-01
-6.586827e-02
-1.197166e-01
+1.285667e-01
+5.279382e-02
-1.558762e-01
+2.732558e-02
+1.419223e-01
-9.931755e-02
-9.188370e-02
+1.452904e-01
+1.970325e-02
-1.550084e-01
+5.618619e-02
+1.277075e-01
-1.177628e-01
-7.137098e-02
+1.516327e-01

eigenvalue = -2.552059e+00:
-1.515717e-01
+8.367287e-02
+1.053875e-01
-1.418299e-01
-2.714431e-02
+1.567986e-01
-5.928015e-02
-1.241433e-01
+1.276208e-01
+5.394109e-02
-1.572680e-01
+3.241610e-02
+1.394862e-01
-1.088459e-01
-7.991708e-02
+1.525264e-01
-3.334301e-03
-1.507091e-01
+8.534389e-02
+1.043456e-01
-1.419310e-01
-2.751764e-02
+1.567976e-01
-5.702114e-02
-1.261195e-01
+1.247243e-01
+5.932036e-02
-1.564181e-01
+2.404113e-02
+1.436390e-01
-1.001858e-01
-9.067840e-02
+1.479813e-01
+1.291390e-02
-1.547464e-01
+6.789250e-02
+1.194115e-01
-1.298282e-01
-5.231044e-02
+1.567663e-01
-2.811709e-02
-1.423967e-01
+1.006029e-01
+9.139415e-02
-1.467430e-01
-1.762990e-02
+1.555660e-01
-5.987143e-02
-1.258774e-01
+1.219928e-01
+6.596755e-02
-1.542265e-01
+9.004774e-03
+1.498722e-01
-8.108554e-02
-1.110898e-01
+1.339180e-01
+4.776970e-02
-1.563708e-01
+2.528203e-02
+1.446332e-01
-9.200380e-02
-1.024663e-01
+1.386535e-01
+3.977100e-02
-1.565117e-01
+3.000688e-02
+1.432311e-01
-9.292771e-02
-1.027188e-01
+1.373603e-01
+4.377377e-02
-1.559921e-01
+2.207106e-02
+1.467550e-01
-8.295751e-02
-1.126426e-01
+1.288562e-01
+6.062446e-02
-1.530977e-01

eigenvalue = -2.476610e+00:
-1.530648e-01
+7.294845e-02
+1.183039e-01
-1.293073e-01
-5.672522e-02
+1.563085e-01
-1.763575e-02
-1.479242e-01
+8.790703e-02
+1.062005e-01
-1.382643e-01
-4.071036e-02
+1.575243e-01
-3.371806e-02
-1.416151e-01
+1.004362e-01
+9.437320e-02
-1.447503e-01
-2.652749e-02
+1.571600e-01
-4.684348e-02
-1.353377e-01
+1.097494e-01
+8.444588e-02
-1.488109e-01
-1.578922e-02
+1.560760e-01
-5.582344e-02
-1.305372e-01
+1.153616e-01
+7.808670e-02
-1.507485e-01
-1.000293e-02
+1.552503e-01
-5.961429e-02
-1.286185e-01
+1.168501e-01
+7.682758e-02
-1.507615e-01
-1.056517e-02
+1.553847e-01
-5.712294e-02
-1.306167e-01
+1.134865e-01
+8.188584e-02
-1.484704e-01
-1.878472e-02
+1.564115e-01
-4.697432e-02
-1.367735e-01
+1.038233e-01
+9.387569e-02
-1.423752e-01
-3.577123e-02
+1.568804e-01
-2.742656e-02
-1.459061e-01
+8.540644e-02
+1.122069e-01
-1.293602e-01
-6.190930e-02
+1.532490e-01
+3.235150e-03
-1.544777e-01
+5.496013e-02
+1.339459e-01
-1.045713e-01
-9.555372e-02
+1.393382e-01
+4.532151e-02
-1.555233e-01
+9.683562e-03
+1.521322e-01
-6.242080e-02
-1.307175e-01
+1.067910e-01
+9.486207e-02
-1.382873e-01
-4.947032e-02
+1.543362e-01

eigenvalue = -2.400523e+00:
-1.543250e-01
+6.180692e-02
+1.295760e-01
-1.136766e-01
-8.409027e-02
+1.473054e-01
+2.522043e-02
-1.573766e-01
+3.756686e-02
+1.424044e-01
-9.425581e-02
-1.049310e-01
+1.359146e-01
+5.105426e-02
-1.561189e-01
+1.061831e-02
+1.519323e-01
-7.039989e-02
-1.242918e-01
+1.190874e-01
+7.775628e-02
-1.493943e-01
-1.968378e-02
+1.570242e-01
-4.100232e-02
-1.412268e-01
+9.523869e-02
+1.047746e-01
-1.352001e-01
-5.339675e-02
+1.554148e-01
-5.208190e-03
-1.534588e-01
+6.259656e-02
+1.301521e-01
-1.108374e-01
-8.926228e-02
+1.436089e-01
+3.680072e-02
-1.569834e-01
+1.994945e-02
+1.498110e-01
-7.350762e-02
-1.236840e-01
+1.172065e-01
+8.252815e-02
-1.460023e-01
-3.191604e-02
+1.569921e-01
-2.177066e-02
-1.495997e-01
+7.219974e-02
+1.254430e-01
-1.138495e-01
-8.793971e-02
+1.425841e-01
+4.173584e-02
-1.559934e-01
+7.945959e-03
+1.534854e-01
-5.594565e-02
-1.361545e-01
+9.771526e-02
+1.064752e-01
-1.297255e-01
-6.788324e-02
+1.497032e-01
+2.431188e-02
-1.566992e-01
+2.025626e-02
+1.510066e-01
-6.217421e-02
-1.339644e-01
+9.842056e-02
+1.076879e-01
-1.267800e-01
-7.476743e-02
+1.459156e-01
+3.797406e-02
-1.553456e-01

eigenvalue = -2.323912e+00:
+1.553511e-01
-5.031635e-02
-1.390579e-01
+9.532841e-02
+1.082171e-01
-1.303153e-01
-6.612073e-02
+1.516536e-01
+1.723495e-02
-1.572022e-01
+3.330141e-02
+1.465137e-01
-8.024450e-02
-1.208522e-01
+1.188124e-01
+8.301933e-02
-1.451851e-01
-3.701530e-02
+1.568823e-01
-1.241971e-02
-1.529806e-01
+6.032679e-02
+1.341520e-01
-1.020497e-01
-1.025303e-01
+1.336978e-01
+6.142803e-02
-1.525030e-01
-1.494612e-02
+1.570377e-01
-3.247370e-02
-1.472801e-01
+7.650171e-02
+1.245319e-01
-1.133285e-01
-9.120896e-02
+1.399895e-01
+5.053819e-02
-1.545798e-01
-6.201534e-03
+1.563466e-01
-3.803183e-02
-1.456637e-01
+7.864602e-02
+1.239023e-01
-1.126609e-01
-9.322357e-02
+1.378352e-01
+5.632153e-02
-1.527807e-01
-1.614844e-02
+1.569871e-01
-2.434970e-02
-1.507679e-01
+6.246402e-02
+1.351430e-01
-9.590329e-02
-1.116773e-01
+1.229154e-01
+8.229772e-02
-1.423476e-01
-4.910653e-02
+1.536505e-01
+1.420909e-02
-1.568336e-01
+2.043221e-02
+1.523859e-01
-5.311003e-02
-1.411717e-01
+8.244666e-02
+1.243181e-01
-1.074321e-01
-1.031011e-01
+1.274292e-01
+7.884214e-02
-1.421521e-01
-5.282038e-02
+1.516241e-01
+2.620357e-02
-1.561236e-01

eigenvalue = -2.246894e+00:
-1.561418e-01
+3.854671e-02
+1.466286e-01
-7.471630e-02
-1.282107e-01
+1.062926e-01
+1.020610e-01
-1.313689e-01
-6.983178e-02
+1.484721e-01
+3.353694e-02
-1.566532e-01
+4.589728e-03
+1.555389e-01
-4.224797e-02
-1.453400e-01
+7.722422e-02
+1.268180e-01
-1.075328e-01
-1.012154e-01
+1.315350e-01
+7.015476e-02
-1.480278e-01
-3.551717e-02
+1.562979e-01
-6.896690e-04
-1.561390e-01
+3.646369e-02
+1.478335e-01
-6.993101e-02
-1.321027e-01
+9.945053e-02
+1.100324e-01
-1.236948e-01
-8.297995e-02
+1.417032e-01
+5.247276e-02
-1.529066e-01
-2.010548e-02
+1.571248e-01
-1.255697e-02
-1.545393e-01
+4.406389e-02
+1.456470e-01
-7.314697e-02
-1.311996e-01
+9.876927e-02
+1.121348e-01
-1.201542e-01
-8.950463e-02
+1.367957e-01
+6.440743e-02
-1.484504e-01
-3.792499e-02
+1.551170e-01
+1.107036e-02
-1.570035e-01
+1.525325e-02
+1.544889e-01
-4.028120e-02
-1.480801e-01
+6.340420e-02
+1.383696e-01
-8.417405e-02
-1.259954e-01
+1.022999e-01
+1.116052e-01
-1.176370e-01
-9.582643e-02
+1.301702e-01
+7.924270e-02
-1.399933e-01
-6.237708e-02
+1.472875e-01
+4.568149e-02
-1.522997e-01
-2.953198e-02
+1.553210e-01
+1.422872e-02
-1.566685e-01

eigenvalue = -2.169585e+00:
+1.566964e-01
-2.656947e-02
-1.521932e-01
+5.234569e-02
+1.433366e-01
-7.656598e-02
-1.304194e-01
+9.852726e-02
+1.138645e-01
-1.176120e-01
-9.420611e-02
+1.333099e-01
+7.206694e-02
-1.452344e-01
-4.813162e-02
+1.531326e-01
+2.311868e-02
-1.568903e-01
+2.247865e-03
+1.565289e-01
-2.726587e-02
-1.521982e-01
+5.127994e-02
+1.441635e-01
-7.370283e-02
-1.327880e-01
+9.403256e-02
+1.185132e-01
-1.118647e-01
-1.018369e-01
+1.268996e-01
+8.329062e-02
-1.389445e-01
-6.341772e-02
+1.479113e-01
+4.275286e-02
-1.538104e-01
-2.180398e-02
+1.567402e-01
+1.037053e-03
-1.568756e-01
+1.913571e-02
+1.544536e-01
-3.836424e-02
-1.497589e-01
+5.636554e-02
+1.431087e-01
-7.292533e-02
-1.348392e-01
+8.789687e-02
+1.252920e-01
-1.011973e-01
-1.148035e-01
+1.128019e-01
+1.036955e-01
-1.227376e-01
-9.226763e-02
+1.310742e-01
+8.079231e-02
-1.379169e-01
-6.951166e-02
+1.433974e-01
+5.863601e-02
-1.476657e-01
-4.834409e-02
+1.508831e-01
+3.878461e-02
-1.532146e-01
-3.007876e-02
+1.548232e-01
+2.232357e-02
-1.558647e-01
-1.559570e-02
+1.564827e-01
+9.955440e-03
-1.568053e-01
-5.450734e-03
+1.569416e-01
+2.120910e-03
-1.569785e-01

eigenvalue = -2.092100e+00:
-1.570144e-01
+1.445715e-02
+1.556843e-01
-2.876146e-02
-1.530466e-01
+4.276370e-02
+1.491456e-01
-5.632174e-02
-1.440463e-01
+6.930382e-02
+1.378324e-01
-8.159144e-02
-1.306044e-01
+9.308180e-02
+1.224765e-01
-1.036898e-01
-1.135740e-01
+1.133495e-01
+1.040302e-01
-1.220148e-01
-9.398285e-02
+1.296599e-01
+8.357160e-02
-1.362787e-01
-7.293463e-02
+1.418843e-01
+6.220612e-02
-1.465076e-01
-5.151390e-02
+1.501955e-01
+4.097741e-02
-1.530092e-01
-3.070622e-02
+1.550218e-01
+2.079896e-02
-1.563160e-01
-1.134266e-02
+1.569820e-01
+2.412649e-03
-1.571147e-01
+5.927199e-03
+1.568118e-01
-1.362382e-02
-1.561713e-01
+2.063394e-02
+1.552899e-01
-2.692285e-02
-1.542607e-01
+3.246284e-02
+1.531716e-01
-3.723159e-02
-1.521042e-01
+4.121041e-02
+1.511317e-01
-4.438245e-02
-1.503181e-01
+4.673096e-02
+1.497168e-01
-4.823762e-02
-1.493690e-01
+4.888113e-02
+1.493027e-01
-4.863596e-02
-1.495308e-01
+4.747149e-02
+1.500498e-01
-4.535159e-02
-1.508376e-01
+4.223474e-02
+1.518515e-01
-3.807488e-02
-1.530254e-01
+3.282305e-02
+1.542680e-01
-2.643004e-02
-1.554593e-01
+1.885033e-02
+1.564487e-01
-1.004729e-02
-1.570525e-01

eigenvalue = -2.014556e+00:
-1.570957e-01
+2.282917e-03
+1.570626e-01
-4.534711e-03
-1.569984e-01
+6.724328e-03
+1.569064e-01
-8.820830e-03
-1.567918e-01
+1.079344e-02
+1.566610e-01
-1.261160e-02
-1.565217e-01
+1.424491e-02
+1.563824e-01
-1.566321e-02
-1.562522e-01
+1.683646e-02
+1.561402e-01
-1.773472e-02
-1.560550e-01
+1.832804e-02
+1.560045e-01
-1.858637e-02
-1.559951e-01
+1.847949e-02
+1.560307e-01
-1.797686e-02
-1.561127e-01
+1.704757e-02
+1.562388e-01
-1.566031e-02
-1.564019e-01
+1.378341e-02
+1.565898e-01
-1.138491e-02
-1.567839e-01
+8.432874e-03
+1.569581e-01
-4.895749e-03
-1.570779e-01
+7.430297e-04
+1.570990e-01
+4.053873e-03
-1.569666e-01
-9.520442e-03
+1.566139e-01
+1.567747e-02
-1.559613e-01
-2.253909e-02
+1.549152e-01
+3.011026e-02
-1.533680e-01
-3.838375e-02
+1.511972e-01
+4.733656e-02
-1.482662e-01
-5.692574e-02
+1.444248e-01
+6.708359e-02
-1.395120e-01
-7.771243e-02
+1.333583e-01
+8.867897e-02
-1.257912e-01
-9.980856e-02
+1.166416e-01
+1.108796e-01
-1.057525e-01
-1.216185e-01
+9.299016e-02
+1.316964e-01
-7.825816e-02
-1.407274e-01
+6.151382e-02
+1.482700e-01
-4.278729e-02
-1.538337e-01
+2.220261e-02
+1.568897e-01

eigenvalue = -1.937072e+00:
-1.569405e-01
-9.879854e-03
+1.563178e-01
+1.975100e-02
-1.550672e-01
-2.960368e-02
+1.531783e-01
+3.942600e-02
-1.506357e-01
-4.920283e-02
+1.474195e-01
+5.891471e-02
-1.435052e-01
-6.853671e-02
+1.388647e-01
+7.803720e-02
-1.334668e-01
-8.737669e-02
+1.272779e-01
+9.650659e-02
-1.202635e-01
-1.053680e-01
+1.123892e-01
+1.138903e-01
-1.036225e-01
-1.219905e-01
+9.393474e-02
+1.295716e-01
-8.330371e-02
-1.365223e-01
+7.171620e-02
+1.427160e-01
-5.917143e-02
-1.480109e-01
+4.568478e-02
+1.522506e-01
-3.129201e-02
-1.552644e-01
+1.605395e-02
+1.568701e-01
-6.152671e-05
-1.568765e-01
-1.655896e-02
+1.550879e-01
+3.364046e-02
-1.513096e-01
-5.097001e-02
+1.453564e-01
+6.828414e-02
-1.370612e-01
-8.526532e-02
+1.262873e-01
+1.015399e-01
-1.129419e-01
-1.166786e-01
+9.699219e-02
+1.301998e-01
-7.848296e-02
-1.415770e-01
+5.755533e-02
+1.502518e-01
-3.446603e-02
-1.556516e-01
+9.605577e-03
+1.572155e-01
+1.648615e-02
-1.544268e-01
-4.310926e-02
+1.468528e-01
+6.940072e-02
-1.341926e-01
-9.434188e-02
+1.163291e-01
+1.167799e-01
-9.338546e-02
-1.354666e-01
+6.577939e-02
+1.491169e-01
-3.427157e-02
-1.564896e-01

eigenvalue = -1.859762e+00:
+1.565495e-01
+2.195803e-02
-1.534680e-01
-4.351379e-02
+1.473487e-01
+6.426754e-02
-1.382795e-01
-8.382485e-02
+1.263933e-01
+1.017997e-01
-1.118688e-01
-1.178181e-01
+9.493247e-02
+1.315225e-01
-7.585935e-02
-1.425771e-01
+5.497450e-02
+1.506740e-01
-3.265373e-02
-1.555408e-01
+9.323725e-03
+1.569486e-01
+1.453895e-02
-1.547222e-01
-3.841023e-02
+1.487501e-01
+6.172287e-02
-1.389969e-01
-8.387304e-02
+1.255146e-01
+1.042298e-01
-1.084549e-01
-1.221476e-01
+8.808129e-02
+1.369830e-01
-6.477888e-02
-1.481148e-01
+3.906268e-02
+1.549685e-01
-1.158211e-02
-1.570447e-01
-1.687940e-02
+1.539514e-01
+4.541104e-02
-1.454391e-01
-7.298933e-02
+1.314368e-01
+9.850227e-02
-1.120885e-01
-1.207844e-01
+8.778615e-02
+1.386636e-01
-5.919659e-02
-1.510203e-01
+2.727856e-02
+1.568581e-01
+6.714837e-03
-1.553844e-01
-4.125282e-02
+1.460972e-01
+7.456732e-02
-1.288736e-01
-1.047212e-01
+1.040517e-01
+1.297066e-01
-7.249784e-02
-1.475749e-01
+3.564701e-02
+1.565936e-01
+4.494583e-03
-1.554262e-01
-4.539821e-02
+1.433205e-01
+8.412254e-02
-1.202895e-01
-1.174923e-01
+8.726300e-02
+1.423471e-01
-4.618080e-02
-1.558520e-01

eigenvalue = -1.782744e+00:
+1.559236e-01
+3.387918e-02
-1.485598e-01
-6.618734e-02
+1.341544e-01
+9.541500e-02
-1.133411e-01
-1.201745e-01
+8.704487e-02
+1.392575e-01
-5.645071e-02
-1.516883e-01
+2.296279e-02
+1.567718e-01
+1.184620e-02
-1.541331e-01
-4.629483e-02
+1.437490e-01
+7.866100e-02
-1.259669e-01
-1.072569e-01
+1.015112e-01
+1.305090e-01
-7.147369e-02
-1.470410e-01
+3.728696e-02
+1.557565e-01
-6.788718e-04
-1.559170e-01
-3.639279e-02
+1.472117e-01
+7.182543e-02
-1.298136e-01
-1.034757e-01
+1.044158e-01
+1.292799e-01
-7.224299e-02
-1.473870e-01
+3.503214e-02
+1.562974e-01
+5.022930e-03
-1.550002e-01
-4.536547e-02
+1.430987e-01
+8.321058e-02
-1.209115e-01
-1.157186e-01
+8.953718e-02
+1.402019e-01
-5.086832e-02
-1.543546e-01
+7.543187e-03
+1.564909e-01
+3.717533e-02
-1.457707e-01
-7.959833e-02
+1.223901e-01
+1.158855e-01
-8.770641e-02
-1.423857e-01
+4.427198e-02
+1.560214e-01
+4.250365e-03
-1.546866e-01
-5.330820e-02
+1.376125e-01
+9.782364e-02
-1.056508e-01
-1.326905e-01
+6.141707e-02
+1.533727e-01
-9.241403e-03
-1.565487e-01
-4.511421e-02
+1.407228e-01
+9.499067e-02
-1.067054e-01
-1.336014e-01
+5.785758e-02
+1.549770e-01

eigenvalue = -1.706133e+00:
-1.550641e-01
-4.557195e-02
+1.416676e-01
+8.723441e-02
-1.159982e-01
-1.213932e-01
+8.021827e-02
+1.450625e-01
-3.736284e-02
-1.561160e-01
-8.895152e-03
+1.534757e-01
+5.453551e-02
-1.372248e-01
-9.551721e-02
+1.086314e-01
+1.281185e-01
-7.007868e-02
-1.492660e-01
+2.490031e-02
+1.568263e-01
+2.287229e-02
-1.498349e-01
-6.883672e-02
+1.286392e-01
+1.086002e-01
-9.493491e-02
-1.381861e-01
+5.168464e-02
+1.544345e-01
-2.911990e-03
-1.553585e-01
-4.662226e-02
+1.404196e-01
+9.184544e-02
-1.106855e-01
-1.278704e-01
+6.883970e-02
+1.505243e-01
-1.902241e-02
-1.568565e-01
-3.350263e-02
+1.455700e-01
+8.284466e-02
-1.173134e-01
-1.231124e-01
+7.478198e-02
+1.491168e-01
-2.258315e-02
-1.570756e-01
-3.315244e-02
+1.452303e-01
+8.540745e-02
-1.142814e-01
-1.271176e-01
+6.754837e-02
+1.521337e-01
-1.078754e-02
-1.561887e-01
-4.836990e-02
+1.377280e-01
+1.013413e-01
-9.844721e-02
-1.398004e-01
+4.340027e-02
+1.570259e-01
+1.942492e-02
-1.491911e-01
-8.009050e-02
+1.163564e-01
+1.281876e-01
-6.292786e-02
-1.546354e-01
-2.610071e-03
+1.535198e-01
+6.878338e-02
-1.236181e-01
-1.229843e-01
+6.923021e-02
+1.538653e-01

eigenvalue = -1.630046e+00:
+1.539726e-01
+5.696653e-02
-1.328921e-01
-1.061596e-01
+9.357650e-02
+1.408357e-01
-4.135016e-02
-1.561827e-01
-1.667401e-02
+1.499812e-01
+7.252589e-02
-1.229359e-01
-1.184382e-01
+7.863115e-02
+1.479040e-01
-2.310196e-02
-1.565948e-01
-3.593454e-02
+1.430168e-01
+9.010321e-02
-1.088038e-01
-1.315257e-01
+5.859298e-02
+1.539583e-01
+5.270976e-04
-1.537553e-01
-5.994416e-02
+1.305130e-01
+1.107232e-01
-8.727971e-02
-1.449283e-01
+3.026646e-02
+1.568813e-01
+3.193867e-02
-1.441651e-01
-8.957983e-02
+1.081935e-01
+1.332185e-01
-5.421766e-02
-1.552876e-01
-9.290657e-03
+1.514696e-01
+7.184332e-02
-1.216514e-01
-1.225922e-01
+7.024404e-02
+1.522040e-01
-5.736395e-03
-1.546485e-01
-6.053139e-02
+1.285643e-01
+1.162490e-01
-7.789192e-02
-1.504011e-01
+1.155525e-02
+1.555285e-01
+5.787733e-02
-1.295308e-01
-1.164240e-01
+7.657613e-02
+1.514763e-01
-6.791570e-03
-1.546256e-01
-6.537899e-02
+1.239078e-01
+1.239858e-01
-6.486809e-02
-1.550852e-01
-9.994173e-03
+1.502274e-01
+8.352265e-02
-1.090602e-01
-1.376573e-01
+4.024404e-02
+1.579199e-01
+3.984159e-02
-1.375684e-01
-1.106263e-01
+8.022846e-02
+1.525176e-01

eigenvalue = -1.554597e+00:
+1.526513e-01
+6.799511e-02
-1.223594e-01
-1.225213e-01
+6.774027e-02
+1.527343e-01
+4.221591e-04
-1.525458e-01
-6.860461e-02
+1.218535e-01
+1.231757e-01
-6.662719e-02
-1.530857e-01
-2.188574e-03
+1.521004e-01
+7.076916e-02
-1.201378e-01
-1.251256e-01
+6.341779e-02
+1.539304e-01
+6.644840e-03
-1.508993e-01
-7.563695e-02
+1.162346e-01
+1.290409e-01
-5.679258e-02
-1.552728e-01
-1.512682e-02
+1.482460e-01
+8.419646e-02
-1.088967e-01
-1.352515e-01
+4.527781e-02
+1.566208e-01
+2.889686e-02
-1.428868e-01
-9.705502e-02
+9.641796e-02
+1.433952e-01
-2.723049e-02
-1.565862e-01
-4.893257e-02
+1.326865e-01
+1.140145e-01
-7.652119e-02
-1.518761e-01
+1.037992e-03
+1.523943e-01
+7.540145e-02
-1.143954e-01
-1.333278e-01
+4.655386e-02
+1.571328e-01
+3.419749e-02
-1.394693e-01
-1.066061e-01
+8.383381e-02
+1.505883e-01
-4.407593e-03
-1.529256e-01
-7.713153e-02
+1.115719e-01
+1.372850e-01
-3.713689e-02
-1.575354e-01
-4.926122e-02
+1.303613e-01
+1.215954e-01
-6.249087e-02
-1.566845e-01
-2.601975e-02
+1.418965e-01
+1.071594e-01
-8.024136e-02
-1.536147e-01
-9.251084e-03
+1.481911e-01
+9.668251e-02
-9.078388e-02
-1.509349e-01

eigenvalue = -1.479899e+00:
-1.511025e-01
-7.859222e-02
+1.102189e-01
+1.359414e-01
-3.946262e-02
-1.564900e-01
-4.206536e-02
+1.345615e-01
+1.122609e-01
-7.595270e-02
-1.519492e-01
-3.524611e-03
+1.501037e-01
+8.221232e-02
-1.069520e-01
-1.384250e-01
+3.409286e-02
+1.563970e-01
+4.848511e-02
-1.307530e-01
-1.177653e-01
+6.823666e-02
+1.540607e-01
+1.387792e-02
-1.466478e-01
-9.238475e-02
+9.707545e-02
+1.445996e-01
-1.910446e-02
-1.549276e-01
-6.487389e-02
+1.196663e-01
+1.301007e-01
-4.854572e-02
-1.567180e-01
-3.764516e-02
+1.359489e-01
+1.128910e-01
-7.325882e-02
-1.537103e-01
-1.268359e-02
+1.465936e-01
+9.523320e-02
-9.276859e-02
-1.478621e-01
+8.563561e-03
+1.527579e-01
+7.911500e-02
-1.071649e-01
-1.411263e-01
+2.516101e-02
+1.558085e-01
+6.614933e-02
-1.168728e-01
-1.352460e-01
+3.655426e-02
+1.570534e-01
+5.757299e-02
-1.223865e-01
-1.316157e-01
+4.237836e-02
+1.575022e-01
+5.430324e-02
-1.240030e-01
-1.311837e-01
+4.225802e-02
+1.576511e-01
+5.699470e-02
-1.215812e-01
-1.343453e-01
+3.565461e-02
+1.572724e-01
+6.602525e-02
-1.143522e-01
-1.407706e-01
+2.182718e-02
+1.551975e-01
+8.133081e-02
-1.008304e-01
-1.491188e-01

eigenvalue = -1.406065e+00:
+1.493288e-01
+8.869518e-02
-9.664104e-02
-1.461148e-01
+9.801386e-03
+1.519422e-01
+8.057571e-02
-1.039892e-01
-1.425008e-01
+1.907159e-02
+1.538746e-01
+7.277388e-02
-1.103961e-01
-1.387969e-01
+2.729641e-02
+1.551590e-01
+6.582650e-02
-1.155984e-01
-1.353978e-01
+3.398903e-02
+1.559166e-01
+6.029199e-02
-1.193954e-01
-1.327453e-01
+3.868879e-02
+1.563136e-01
+5.672813e-02
-1.216123e-01
-1.312830e-01
+4.094632e-02
+1.565011e-01
+5.567276e-02
-1.220449e-01
-1.314006e-01
+4.029726e-02
+1.565383e-01
+5.762363e-02
-1.203899e-01
-1.333668e-01
+3.623193e-02
+1.562999e-01
+6.300727e-02
-1.161672e-01
-1.372411e-01
+2.817558e-02
+1.553669e-01
+7.211941e-02
-1.086476e-01
-1.427535e-01
+1.550287e-02
+1.529064e-01
+8.501224e-02
-9.680886e-02
-1.491419e-01
-2.377341e-03
+1.475546e-01
+1.012995e-01
-7.936317e-02
-1.549467e-01
-2.581836e-02
+1.373456e-01
+1.198557e-01
-5.492370e-02
-1.577929e-01
-5.455643e-02
+1.197688e-01
+1.384140e-01
-2.240761e-02
-1.542494e-01
-8.711547e-02
+9.209878e-02
+1.531380e-01
+1.821486e-02
-1.399525e-01
-1.200268e-01
+5.219984e-02
+1.583828e-01
+6.476937e-02
-1.103043e-01
-1.470708e-01

eigenvalue = -1.333208e+00:
-1.473335e-01
-9.824443e-02
+8.181526e-02
+1.528162e-01
+2.014104e-02
-1.393740e-01
-1.131969e-01
+6.375990e-02
+1.558111e-01
+4.044150e-02
-1.287464e-01
-1.266685e-01
+4.383996e-02
+1.560813e-01
+6.097990e-02
-1.150858e-01
-1.384367e-01
+2.180159e-02
+1.531461e-01
+8.166329e-02
-9.789704e-02
-1.479931e-01
-2.530419e-03
+1.462732e-01
+1.021189e-01
-7.662463e-02
-1.544748e-01
-2.912423e-02
+1.344982e-01
+1.215650e-01
-5.077146e-02
-1.566089e-01
-5.756496e-02
+1.166963e-01
+1.386669e-01
-2.009177e-02
-1.526990e-01
-8.682461e-02
+9.174751e-02
+1.514042e-01
+1.511524e-02
-1.407059e-01
-1.149897e-01
+5.884665e-02
+1.570065e-01
+5.359749e-02
-1.185024e-01
-1.389977e-01
+1.800998e-02
+1.520611e-01
+9.265382e-02
-8.440328e-02
-1.544989e-01
-2.919888e-02
+1.329530e-01
+1.276588e-01
-3.806824e-02
-1.560586e-01
-7.879289e-02
+9.683139e-02
+1.518603e-01
+1.820805e-02
-1.380125e-01
-1.235919e-01
+4.325704e-02
+1.568923e-01
+7.802388e-02
-9.632523e-02
-1.531148e-01
-2.354780e-02
+1.345994e-01
+1.298443e-01
-3.160535e-02
-1.550258e-01
-9.246693e-02
+8.068550e-02
+1.576325e-01
+4.721437e-02
-1.191452e-01
-1.447930e-01

eigenvalue = -1.261435e+00:
+1.451199e-01
+1.071840e-01
-6.594716e-02
-1.559047e-01
-4.925937e-02
+1.194934e-01
+1.376179e-01
-1.768927e-02
-1.507102e-01
-9.391765e-02
+8.111690e-02
+1.540671e-01
+3.321263e-02
-1.294005e-01
-1.294018e-01
+3.311891e-02
+1.540690e-01
+8.175685e-02
-9.304031e-02
-1.512922e-01
-2.017458e-02
+1.361750e-01
+1.223559e-01
-4.422881e-02
-1.556430e-01
-7.309588e-02
+1.004520e-01
+1.490720e-01
+1.249742e-02
-1.395855e-01
-1.186540e-01
+4.917119e-02
+1.561979e-01
+7.033923e-02
-1.022650e-01
-1.489235e-01
-1.243142e-02
+1.393271e-01
+1.202398e-01
-4.606233e-02
-1.560571e-01
-7.559326e-02
+9.697469e-02
+1.515880e-01
+2.213967e-02
-1.341431e-01
-1.281351e-01
+3.260446e-02
+1.540475e-01
+9.018937e-02
-8.193830e-02
-1.559034e-01
-4.348689e-02
+1.208066e-01
+1.413011e-01
-6.022942e-03
-1.462100e-01
-1.135471e-01
+5.303316e-02
+1.572175e-01
+7.688446e-02
-9.345665e-02
-1.546690e-01
-3.574688e-02
+1.246970e-01
+1.406916e-01
-5.841817e-03
-1.456457e-01
-1.181504e-01
+4.466618e-02
+1.564766e-01
+9.013797e-02
-7.850866e-02
-1.583243e-01
-5.956683e-02
+1.061594e-01
+1.529256e-01
+2.889727e-02
-1.272957e-01
-1.422873e-01

eigenvalue = -1.190857e+00:
-1.426919e-01
-1.154617e-01
+4.925568e-02
+1.553274e-01
+7.648697e-02
-9.339185e-02
-1.521363e-01
-2.988998e-02
+1.279044e-01
+1.336356e-01
-1.944822e-02
-1.494293e-01
-1.019862e-01
+6.648759e-02
+1.561020e-01
+6.067777e-02
-1.066262e-01
-1.477051e-01
-1.405538e-02
+1.362085e-01
+1.255962e-01
-3.323252e-02
-1.528783e-01
-9.244010e-02
+7.678258e-02
+1.557385e-01
+5.179950e-02
-1.129044e-01
-1.453139e-01
-7.655601e-03
+1.389514e-01
+1.233436e-01
-3.606873e-02
-1.534862e-01
-9.245044e-02
+7.591875e-02
+1.562790e-01
+5.575068e-02
-1.092055e-01
-1.481642e-01
-1.646164e-02
+1.341695e-01
+1.307957e-01
-2.243948e-02
-1.500118e-01
-1.063495e-01
+5.847201e-02
+1.568116e-01
+7.722172e-02
-8.980672e-02
-1.553634e-01
-4.575906e-02
+1.153204e-01
+1.469694e-01
+1.405003e-02
-1.345644e-01
-1.332228e-01
+1.621260e-02
+1.476712e-01
+1.158102e-01
-4.379699e-02
-1.552225e-01
-9.635104e-02
+6.793490e-02
+1.581059e-01
+7.628553e-02
-8.827638e-02
-1.573775e-01
-5.681088e-02
+1.048133e-01
+1.541444e-01
+3.886089e-02
-1.177876e-01
-1.494751e-01
-2.312011e-02
+1.275961e-01
+1.443364e-01
+1.006190e-02
-1.347020e-01
-1.395562e-01

eigenvalue = -1.121579e+00:
-1.400537e-01
-1.230295e-01
+3.197007e-02
+1.511197e-01
+1.008355e-01
-6.248218e-02
-1.557760e-01
-7.454084e-02
+9.018147e-02
+1.539362e-01
+4.541471e-02
-1.139090e-01
-1.458748e-01
-1.483157e-02
+1.327755e-01
+1.321929e-01
-1.582930e-02
-1.462092e-01
-1.137591e-01
+4.527936e-02
+1.539751e-01
+9.163149e-02
-7.240260e-02
-1.561655e-01
-6.696996e-02
+9.631693e-02
+1.531646e-01
+4.094890e-02
-1.164113e-01
-1.455945e-01
-1.467739e-02
+1.323576e-01
+1.342482e-01
-1.086595e-02
-1.440994e-01
-1.200187e-01
+3.487932e-02
+1.518219e-01
+1.038304e-01
-5.676381e-02
-1.559078e-01
-8.658004e-02
+7.612959e-02
+1.568866e-01
+6.908980e-02
-9.278483e-02
-1.553818e-01
-5.207613e-02
+1.067111e-01
+1.520615e-01
+3.613351e-02
-1.180291e-01
-1.475957e-01
-2.173256e-02
+1.269600e-01
+1.426225e-01
+9.229859e-03
-1.337835e-01
-1.377232e-01
+1.113399e-03
+1.387990e-01
+1.334054e-01
-9.107231e-03
-1.422869e-01
-1.300932e-01
+1.460648e-02
+1.444754e-01
+1.281196e-01
-1.748533e-02
-1.455092e-01
-1.277204e-01
+1.761595e-02
+1.454216e-01
+1.290238e-01
-1.485454e-02
-1.441100e-01
-1.320335e-01
+9.038625e-03
+1.413142e-01
+1.366022e-01

eigenvalue = -1.053707e+00:
+1.372097e-01
+1.298440e-01
-1.432666e-02
-1.434043e-01
-1.214318e-01
+2.842025e-02
+1.483506e-01
+1.121402e-01
-4.205817e-02
-1.520226e-01
-1.021705e-01
+5.503792e-02
+1.544457e-01
+9.174951e-02
-6.718529e-02
-1.556951e-01
-8.111989e-02
+7.836022e-02
+1.558908e-01
+7.053049e-02
-8.846025e-02
-1.551911e-01
-6.022777e-02
+9.742107e-02
+1.537851e-01
+5.044859e-02
-1.052143e-01
-1.518826e-01
-4.141500e-02
+1.118425e-01
+1.497055e-01
+3.333114e-02
-1.173321e-01
-1.474777e-01
-2.638248e-02
+1.217240e-01
+1.454161e-01
+2.073699e-02
-1.250626e-01
-1.437216e-01
-1.654798e-02
+1.273840e-01
+1.425704e-01
+1.395790e-02
-1.287031e-01
-1.421045e-01
-1.310219e-02
+1.290001e-01
+1.424222e-01
+1.411207e-02
-1.282077e-01
-1.435662e-01
-1.711494e-02
+1.261981e-01
+1.455094e-01
+2.223052e-02
-1.227727e-01
-1.481369e-01
-2.956086e-02
+1.176543e-01
+1.512253e-01
+3.917170e-02
-1.104854e-01
-1.544171e-01
-5.106275e-02
+1.008357e-01
+1.571944e-01
+6.512450e-02
-8.822388e-02
-1.588533e-01
-8.107989e-02
+7.216063e-02
+1.584875e-01
+9.841135e-02
-5.221963e-02
-1.549896e-01
-1.162772e-01
+2.814501e-02
+1.470865e-01
+1.334279e-01

eigenvalue = -9.873430e-01:
-1.341650e-01
-1.358664e-01
-3.434313e-03
+1.323878e-01
+1.375494e-01
+6.986426e-03
-1.304684e-01
-1.392621e-01
-1.077366e-02
+1.283308e-01
+1.410417e-01
+1.491225e-02
-1.258883e-01
-1.429128e-01
-1.951639e-02
+1.230423e-01
+1.448842e-01
+2.469679e-02
-1.196797e-01
-1.469448e-01
-3.055845e-02
+1.156710e-01
+1.490587e-01
+3.719735e-02
-1.108681e-01
-1.511585e-01
-4.469552e-02
+1.051027e-01
+1.531380e-01
+5.311426e-02
-9.818569e-02
-1.548437e-01
-6.248461e-02
+8.990883e-02
+1.560660e-01
+7.279476e-02
-8.004923e-02
-1.565296e-01
-8.397365e-02
+6.837838e-02
+1.558855e-01
+9.587051e-02
-5.467743e-02
-1.537054e-01
-1.082302e-01
+3.876061e-02
+1.494816e-01
+1.206655e-01
-2.050902e-02
-1.426350e-01
-1.326272e-01
-8.335668e-05
+1.325373e-01
+1.433772e-01
+2.285036e-02
-1.185520e-01
-1.519692e-01
-4.738155e-02
+1.001010e-01
+1.572470e-01
+7.294128e-02
-7.676366e-02
-1.578725e-01
-9.838754e-02
+4.841202e-02
+1.524004e-01
+1.221064e-01
-1.538131e-02
-1.394169e-01
-1.419870e-01
-2.133391e-02
+1.177605e-01
+1.554721e-01
+5.988397e-02
-8.683327e-02
-1.597276e-01
-9.741466e-02
+4.699497e-02
+1.519770e-01
+1.300359e-01

eigenvalue = -9.225877e-01:
+1.309245e-01
+1.410629e-01
+2.107212e-02
-1.183549e-01
-1.486353e-01
-4.187725e-02
+1.034795e-01
+1.534910e-01
+6.213314e-02
-8.642525e-02
-1.554595e-01
-8.152749e-02
+6.733452e-02
+1.543520e-01
+9.970403e-02
-4.638262e-02
-1.499668e-01
-1.162504e-01
+2.379869e-02
+1.421009e-01
+1.306887e-01
+1.102036e-04
-1.305687e-01
-1.424709e-01
-2.493246e-02
+1.152283e-01
+1.509804e-01
+5.012396e-02
-9.601795e-02
-1.555441e-01
-7.498106e-02
+7.300140e-02
+1.554566e-01
+9.861795e-02
-4.642433e-02
-1.500229e-01
-1.199537e-01
+1.677867e-02
+1.386221e-01
+1.377162e-01
+1.512854e-02
-1.207964e-01
-1.504725e-01
-4.810940e-02
+9.636745e-02
+1.566958e-01
+8.054428e-02
-6.557744e-02
-1.548828e-01
-1.103639e-01
+2.924690e-02
+1.437300e-01
+1.350873e-01
+1.106842e-02
-1.223749e-01
-1.519442e-01
-5.295171e-02
+9.069790e-02
+1.581113e-01
+9.307510e-02
-4.965980e-02
-1.510854e-01
-1.272845e-01
+1.627645e-03
+1.292007e-01
+1.508868e-01
+4.939488e-02
-9.226080e-02
-1.592014e-01
-9.774875e-02
+4.220534e-02
+1.484097e-01
+1.364550e-01
+1.634173e-02
-1.166660e-01
-1.580426e-01
-7.587246e-02
+6.532648e-02
+1.559483e-01
+1.264290e-01

eigenvalue = -8.595396e-01:
+1.274941e-01
+1.454051e-01
+3.834881e-02
-1.016614e-01
-1.543292e-01
-7.443910e-02
+6.936902e-02
+1.536346e-01
+1.060850e-01
-3.243937e-02
-1.431599e-01
-1.312512e-01
-6.987863e-03
+1.232531e-01
+1.481422e-01
+4.651012e-02
-9.480890e-02
-1.553041e-01
-8.353637e-02
+5.929876e-02
+1.517427e-01
+1.153897e-01
-1.878338e-02
-1.370537e-01
-1.394461e-01
-2.410441e-02
+1.115586e-01
+1.533158e-01
+6.622330e-02
-7.643259e-02
-1.550692e-01
-1.040518e-01
+3.380388e-02
+1.435015e-01
+1.338993e-01
+1.320541e-02
-1.184217e-01
-1.522142e-01
-6.053266e-02
+8.093384e-02
+1.559924e-01
+1.033640e-01
-3.366332e-02
-1.432736e-01
-1.364989e-01
-1.913860e-02
+1.136845e-01
+1.549154e-01
+7.169457e-02
-6.895271e-02
-1.545362e-01
-1.170918e-01
+1.327643e-02
+1.331425e-01
+1.480353e-01
+4.660627e-02
-9.131839e-02
-1.579866e-01
-1.018197e-01
+3.322184e-02
+1.426245e-01
+1.423778e-01
+3.309852e-02
-1.014267e-01
-1.589028e-01
-9.616797e-02
+3.901136e-02
+1.449295e-01
+1.426177e-01
+3.427889e-02
-9.942788e-02
-1.598954e-01
-1.031404e-01
+2.886415e-02
+1.399133e-01
+1.498940e-01
+5.214835e-02
-8.288083e-02
-1.589675e-01
-1.226096e-01

eigenvalue = -7.982947e-01:
-1.238796e-01
-1.488697e-01
-5.503251e-02
+8.272479e-02
+1.544756e-01
+1.030036e-01
-3.060527e-02
-1.398186e-01
-1.376337e-01
-2.584843e-02
+1.065085e-01
+1.541546e-01
+7.928117e-02
-5.855521e-02
-1.499272e-01
-1.224357e-01
+2.031187e-03
+1.248909e-01
+1.490376e-01
+5.552050e-02
-8.177678e-02
-1.546716e-01
-1.059184e-01
+2.602241e-02
+1.375552e-01
+1.413750e-01
+3.466645e-02
-9.909984e-02
-1.556500e-01
-9.113776e-02
+4.412894e-02
+1.452019e-01
+1.339869e-01
+1.936916e-02
-1.101649e-01
-1.550459e-01
-8.105479e-02
+5.493589e-02
+1.490061e-01
+1.296524e-01
+1.185675e-02
-1.149180e-01
-1.548979e-01
-7.820802e-02
+5.722250e-02
+1.497984e-01
+1.305209e-01
+1.408041e-02
-1.128093e-01
-1.562491e-01
-8.448206e-02
+4.936796e-02
+1.470632e-01
+1.374327e-01
+2.786345e-02
-1.018936e-01
-1.581020e-01
-1.006251e-01
+2.892538e-02
+1.378403e-01
+1.488192e-01
+5.450076e-02
-7.821640e-02
-1.560644e-01
-1.249158e-01
-6.918093e-03
+1.158674e-01
+1.588407e-01
+9.292373e-02
-3.638497e-02
-1.409955e-01
-1.503830e-01
-5.873193e-02
+7.217200e-02
+1.550993e-01
+1.354873e-01
+2.680076e-02
-9.940562e-02
-1.610056e-01
-1.185801e-01

eigenvalue = -7.389466e-01:
-1.200872e-01
-1.514393e-01
-7.090061e-02
+6.201428e-02
+1.491281e-01
+1.261352e-01
+1.004578e-02
-1.134549e-01
-1.532955e-01
-8.016176e-02
+5.201179e-02
+1.459049e-01
+1.324944e-01
+2.172371e-02
-1.049958e-01
-1.547052e-01
-9.106145e-02
+3.923003e-02
+1.408426e-01
+1.396199e-01
+3.658750e-02
-9.308763e-02
-1.550747e-01
-1.044704e-01
+2.186452e-02
+1.323759e-01
+1.472509e-01
+5.593305e-02
-7.564692e-02
-1.528793e-01
-1.204974e-01
-1.898283e-03
+1.180562e-01
+1.539086e-01
+8.036963e-02
-5.015731e-02
-1.452059e-01
-1.378028e-01
-3.342339e-02
+9.441438e-02
+1.561689e-01
+1.089248e-01
-1.412311e-02
-1.273717e-01
-1.525129e-01
-7.248670e-02
+5.736282e-02
+1.479144e-01
+1.374759e-01
+3.349959e-02
-9.318882e-02
-1.569266e-01
-1.150519e-01
+3.958744e-03
+1.203256e-01
+1.566546e-01
+8.920452e-02
-3.709506e-02
-1.390265e-01
-1.500267e-01
-6.333621e-02
+6.440908e-02
+1.505973e-01
+1.400785e-01
+4.004122e-02
-8.545883e-02
-1.568875e-01
-1.295593e-01
-2.110323e-02
+1.004968e-01
+1.598438e-01
+1.207248e-01
+7.658580e-03
-1.100716e-01
-1.611638e-01
-1.152721e-01
-4.372342e-04
+1.146575e-01
+1.620379e-01
+1.143425e-01

eigenvalue = -6.815864e-01:
+1.161237e-01
+1.531019e-01
+8.574284e-02
-4.003852e-02
-1.385458e-01
-1.427066e-01
-4.972582e-02
+7.708799e-02
+1.514800e-01
+1.229245e-01
+1.088512e-02
-1.085413e-01
-1.543686e-01
-9.561657e-02
+2.784938e-02
+1.324864e-01
+1.476496e-01
+6.321741e-02
-6.380339e-02
-1.478984e-01
-1.326305e-01
-2.838988e-02
+9.486582e-02
+1.546861e-01
+1.112472e-01
-6.320630e-03
-1.196846e-01
-1.536010e-01
-8.576165e-02
+3.877274e-02
+1.377311e-01
+1.460417e-01
+5.845909e-02
-6.741591e-02
-1.492416e-01
-1.338047e-01
-3.139715e-02
+9.136205e-02
+1.550674e-01
+1.188326e-01
+6.239824e-03
-1.103501e-01
-1.564740e-01
-1.030028e-01
+1.581069e-02
+1.246286e-01
+1.549324e-01
+8.798259e-02
-3.399153e-02
-1.347878e-01
-1.519320e-01
-7.515840e-02
+4.788611e-02
+1.415724e-01
+1.488322e-01
+6.562927e-02
-5.728662e-02
-1.456956e-01
-1.467528e-01
-6.024305e-02
+6.203874e-02
+1.476653e-01
+1.464876e-01
+5.964452e-02
-6.189375e-02
-1.476232e-01
-1.484163e-01
-6.429823e-02
+5.639419e-02
+1.451967e-01
+1.523853e-01
+7.444318e-02
-4.482725e-02
-1.393696e-01
-1.575310e-01
-8.993065e-02
+2.629792e-02
+1.284045e-01
+1.620435e-01
+1.098982e-01

eigenvalue = -6.263026e-01:
+1.119960e-01
+1.538513e-01
+9.936416e-02
-1.733320e-02
-1.231815e-01
-1.519560e-01
-8.569346e-02
+3.413670e-02
+1.326402e-01
+1.483329e-01
+7.148595e-02
-4.992186e-02
-1.402388e-01
-1.433018e-01
-5.729942e-02
+6.427530e-02
+1.459955e-01
+1.373073e-01
+4.370803e-02
-7.688087e-02
-1.500690e-01
-1.308825e-01
-3.126869e-02
+8.752536e-02
+1.527315e-01
+1.246094e-01
+2.049828e-02
-9.608651e-02
-1.543292e-01
-1.190802e-01
-1.186455e-02
+1.025038e-01
+1.552335e-01
+1.148625e-01
+5.790943e-03
-1.067345e-01
-1.557853e-01
-1.124682e-01
-2.672436e-03
+1.086979e-01
+1.562317e-01
+1.123217e-01
+2.896145e-03
-1.082127e-01
-1.566566e-01
-1.147222e-01
-6.856871e-03
+1.049335e-01
+1.568997e-01
+1.197859e-01
+1.495283e-02
-9.829680e-02
-1.564647e-01
-1.273564e-01
-2.754099e-02
+8.749179e-02
+1.544193e-01
+1.368685e-01
+4.482477e-02
-7.148764e-02
-1.493032e-01
-1.471578e-01
-6.664200e-02
+4.916160e-02
+1.390858e-01
+1.562306e-01
+9.212382e-02
-1.959546e-02
-1.212517e-01
-1.610455e-01
-1.192201e-01
-1.738281e-02
+9.314383e-02
+1.574388e-01
+1.441539e-01
+6.035928e-02
-5.273656e-02
-1.404284e-01
-1.610046e-01
-1.052475e-01

eigenvalue = -5.731813e-01:
+1.077113e-01
+1.536871e-01
+1.115874e-01
+5.552277e-03
-1.036631e-01
-1.535239e-01
-1.155225e-01
-1.144376e-02
+9.917646e-02
+1.531465e-01
+1.197093e-01
+1.801018e-02
-9.394877e-02
-1.524452e-01
-1.242916e-01
-2.557831e-02
+8.763630e-02
+1.512371e-01
+1.293465e-01
+3.445566e-02
-7.984843e-02
-1.492436e-01
-1.348567e-01
-4.491213e-02
+7.014435e-02
+1.460645e-01
+1.406711e-01
+5.714851e-02
-5.803795e-02
-1.411484e-01
-1.464532e-01
-7.124590e-02
+4.301907e-02
+1.337688e-01
+1.516157e-01
+8.708871e-02
-2.460351e-02
-1.230149e-01
-1.552482e-01
-1.042547e-01
+2.427846e-03
+1.078183e-01
+1.560474e-01
+1.218694e-01
+2.359180e-02
-8.704313e-02
-1.522782e-01
-1.384334e-01
-5.301928e-02
+5.968010e-02
+1.418104e-01
+1.516526e-01
+8.457052e-02
-2.519262e-02
-1.223073e-01
-1.583402e-01
-1.157247e-01
-1.594709e-02
+9.166290e-02
+1.545146e-01
+1.423665e-01
+6.153526e-02
-4.879846e-02
-1.358850e-01
-1.586580e-01
-1.068382e-01
-5.129908e-03
+9.895717e-02
+1.574826e-01
+1.440263e-01
+6.522714e-02
-4.294049e-02
-1.319240e-01
-1.624354e-01
-1.215336e-01
-2.764227e-02
+7.819946e-02
+1.505254e-01
+1.589061e-01
+1.003897e-01

eigenvalue = -5.223062e-01:
+1.032773e-01
+1.526148e-01
+1.222555e-01
+2.806820e-02
-8.076832e-02
-1.474683e-01
-1.372741e-01
-5.554486e-02
+5.510914e-02
+1.370881e-01
+1.477995e-01
+8.175034e-02
-2.671043e-02
-1.213303e-01
-1.531585e-01
-1.058314e-01
-3.888687e-03
+1.000577e-01
+1.525340e-01
+1.266836e-01
+3.590135e-02
-7.324630e-02
-1.450015e-01
-1.428921e-01
-6.815640e-02
+4.113898e-02
+1.296254e-01
+1.527121e-01
+9.895607e-02
-4.455866e-03
-1.056383e-01
-1.541208e-01
-1.259538e-01
-3.534526e-02
+7.272791e-02
+1.449875e-01
+1.461015e-01
+7.578343e-02
-3.144816e-02
-1.234207e-01
-1.557454e-01
-1.131080e-01
-1.625924e-02
+8.834871e-02
+1.509827e-01
+1.422135e-01
+6.650370e-02
-4.035880e-02
-1.284093e-01
-1.569094e-01
-1.130210e-01
-1.726984e-02
+8.636266e-02
+1.508034e-01
+1.472024e-01
+7.757565e-02
-2.663663e-02
-1.190469e-01
-1.590444e-01
-1.294732e-01
-4.364402e-02
+6.102037e-02
+1.395336e-01
+1.586730e-01
+1.107860e-01
+1.644931e-02
-8.473154e-02
-1.509322e-01
-1.553197e-01
-9.661601e-02
+1.005807e-03
+9.822593e-02
+1.565597e-01
+1.534673e-01
+9.071200e-02
-6.979359e-03
-1.020084e-01
-1.585070e-01
-1.557338e-01
-9.532185e-02

eigenvalue = -4.737587e-01:
+9.870182e-02
+1.506452e-01
+1.312338e-01
+4.967803e-02
-5.539375e-02
-1.342560e-01
-1.496312e-01
-9.429609e-02
+5.565449e-03
+1.028013e-01
+1.515848e-01
+1.290010e-01
+4.575485e-02
-5.897951e-02
-1.360537e-01
-1.494178e-01
-9.292672e-02
+6.934298e-03
+1.035649e-01
+1.520425e-01
+1.299717e-01
+4.772348e-02
-5.657089e-02
-1.347941e-01
-1.510508e-01
-9.804817e-02
-2.106786e-04
+9.772288e-02
+1.512277e-01
+1.361887e-01
+5.961808e-02
-4.379991e-02
-1.275611e-01
-1.542767e-01
-1.122516e-01
-2.039963e-02
+8.047209e-02
+1.459060e-01
+1.473537e-01
+8.445683e-02
-1.515677e-02
-1.082111e-01
-1.546544e-01
-1.348024e-01
-5.745085e-02
+4.428143e-02
+1.273200e-01
+1.568983e-01
+1.209603e-01
+3.479869e-02
-6.572751e-02
-1.392838e-01
-1.560377e-01
-1.095562e-01
-1.896220e-02
+7.921650e-02
+1.459239e-01
+1.550603e-01
+1.034562e-01
+1.162111e-02
-8.469933e-02
-1.485785e-01
-1.559954e-01
-1.046069e-01
-1.410882e-02
+8.161973e-02
+1.473505e-01
+1.594033e-01
+1.139122e-01
+2.767995e-02
-6.835837e-02
-1.404148e-01
-1.636997e-01
-1.307041e-01
-5.324066e-02
+4.214277e-02
+1.234968e-01
+1.641992e-01
+1.514727e-01
+9.003826e-02

eigenvalue = -4.276185e-01:
-9.399269e-02
-1.477947e-01
-1.384113e-01
-6.987109e-02
+2.852003e-02
+1.147328e-01
+1.519845e-01
+1.244264e-01
+4.385540e-02
-5.538230e-02
-1.310726e-01
-1.511005e-01
-1.070457e-01
-1.765735e-02
+7.919724e-02
+1.426202e-01
+1.459464e-01
+8.789190e-02
-7.052398e-03
-9.904304e-02
-1.496472e-01
-1.378688e-01
-6.876239e-02
+2.886099e-02
+1.145483e-01
+1.529985e-01
+1.285459e-01
+5.141001e-02
-4.672687e-02
-1.258408e-01
-1.539048e-01
-1.197631e-01
-3.739916e-02
+5.996414e-02
+1.333761e-01
+1.537384e-01
+1.132182e-01
+2.806356e-02
-6.810330e-02
-1.376740e-01
-1.537446e-01
-1.103737e-01
-2.455300e-02
+7.065990e-02
+1.389933e-01
+1.547545e-01
+1.123254e-01
+2.791483e-02
-6.686421e-02
-1.369659e-01
-1.568488e-01
-1.196090e-01
-3.910935e-02
+5.543512e-02
+1.302166e-01
+1.589210e-01
+1.318215e-01
+5.879714e-02
-3.454644e-02
-1.160500e-01
-1.581166e-01
-1.469174e-01
-8.666600e-02
+2.257002e-03
+9.044032e-02
+1.492680e-01
+1.601223e-01
+1.200342e-01
+4.215259e-02
-4.886012e-02
-1.248178e-01
-1.627453e-01
-1.516540e-01
-9.542105e-02
-1.112683e-02
+7.639910e-02
+1.420167e-01
+1.674392e-01
+1.461041e-01
+8.452871e-02

eigenvalue = -3.839641e-01:
+8.915774e-02
+1.440843e-01
+1.437017e-01
+8.817437e-02
-1.174347e-03
-9.007287e-02
-1.444657e-01
-1.435616e-01
-8.775898e-02
+1.566547e-03
+9.029439e-02
+1.446189e-01
+1.439228e-01
+8.855863e-02
-3.855421e-04
-8.918380e-02
-1.442954e-01
-1.450198e-01
-9.120757e-02
-3.177880e-03
+8.604101e-02
+1.431486e-01
+1.469818e-01
+9.627545e-02
+9.955134e-03
-8.003587e-02
-1.406154e-01
-1.497035e-01
-1.041730e-01
-2.078033e-02
+7.013516e-02
+1.357649e-01
+1.526561e-01
+1.149869e-01
+3.640848e-02
-5.506188e-02
-1.271307e-01
-1.546302e-01
-1.282024e-01
-5.730476e-02
+3.335988e-02
+1.125831e-01
+1.534215e-01
+1.422694e-01
+8.320793e-02
-3.693417e-03
-8.936721e-02
-1.455414e-01
-1.540104e-01
-1.123626e-01
-3.442187e-02
+5.455222e-02
+1.261775e-01
+1.579985e-01
+1.403892e-01
+7.923192e-02
-6.288217e-03
-8.989212e-02
-1.463551e-01
-1.590470e-01
-1.246335e-01
-5.367478e-02
+3.286157e-02
+1.099609e-01
+1.558229e-01
+1.579095e-01
+1.161388e-01
+4.248883e-02
-4.268413e-02
-1.164237e-01
-1.593727e-01
-1.607204e-01
-1.206755e-01
-4.997797e-02
+3.323520e-02
+1.082463e-01
+1.569418e-01
+1.680693e-01
+1.396002e-01
+7.877625e-02

eigenvalue = -3.428735e-01:
+8.420436e-02
+1.395393e-01
+1.470436e-01
+1.041627e-01
+2.560792e-02
-6.171157e-02
-1.279260e-01
-1.504308e-01
-1.215917e-01
-5.130220e-02
+3.645235e-02
+1.118159e-01
+1.492334e-01
+1.360978e-01
+7.694835e-02
-8.162438e-03
-9.052550e-02
-1.424878e-01
-1.467206e-01
-1.019385e-01
-2.319871e-02
+6.324577e-02
+1.287514e-01
+1.517726e-01
+1.248869e-01
+5.708421e-02
-2.935007e-02
-1.062428e-01
-1.487389e-01
-1.432869e-01
-9.185047e-02
-1.107350e-02
+7.322376e-02
+1.343591e-01
+1.532140e-01
+1.241129e-01
+5.637936e-02
-2.880294e-02
-1.051237e-01
-1.492996e-01
-1.481101e-01
-1.022091e-01
-2.566015e-02
+5.852996e-02
+1.254150e-01
+1.554920e-01
+1.402785e-01
+8.452401e-02
+4.537615e-03
-7.673893e-02
-1.363822e-01
-1.579143e-01
-1.357148e-01
-7.627899e-02
+3.886566e-03
+8.300623e-02
+1.400133e-01
+1.601070e-01
+1.384388e-01
+8.105565e-02
+2.996657e-03
-7.581789e-02
-1.357438e-01
-1.622654e-01
-1.493588e-01
-1.006298e-01
-2.808730e-02
+5.101089e-02
+1.183709e-01
+1.588881e-01
+1.639129e-01
+1.328866e-01
+7.309644e-02
-2.257236e-03
-7.713840e-02
-1.361522e-01
-1.676610e-01
-1.659250e-01
-1.319156e-01
-7.275293e-02

eigenvalue = -3.044265e-01:
-7.913875e-02
-1.341875e-01
-1.483991e-01
-1.174667e-01
-5.082008e-02
+3.126650e-02
+1.038622e-01
+1.449636e-01
+1.421604e-01
+9.636073e-02
+2.146125e-02
-5.990827e-02
-1.232505e-01
-1.495800e-01
-1.310883e-01
-7.340912e-02
+6.159440e-03
+8.389632e-02
+1.367558e-01
+1.491872e-01
+1.176572e-01
+5.157466e-02
-2.959986e-02
-1.021453e-01
-1.450297e-01
-1.459738e-01
-1.048860e-01
-3.373271e-02
+4.704473e-02
+1.144654e-01
+1.495520e-01
+1.426158e-01
+9.582497e-02
+2.240731e-02
-5.720005e-02
-1.211030e-01
-1.519664e-01
-1.416406e-01
-9.318344e-02
-1.981511e-02
+5.881231e-02
+1.219466e-01
+1.532031e-01
+1.447284e-01
+9.902760e-02
+2.807039e-02
-4.998370e-02
-1.155140e-01
-1.523692e-01
-1.517606e-01
-1.142044e-01
-4.912524e-02
+2.766957e-02
+9.793644e-02
+1.453532e-01
+1.592432e-01
+1.368337e-01
+8.360994e-02
+1.179214e-02
-6.261447e-02
-1.234566e-01
-1.579180e-01
-1.591085e-01
-1.272623e-01
-6.938590e-02
+2.464321e-03
+7.382612e-02
+1.307951e-01
+1.626955e-01
+1.639567e-01
+1.348970e-01
+8.135425e-02
+1.332991e-02
-5.702010e-02
-1.176262e-01
-1.585590e-01
-1.735564e-01
-1.608127e-01
-1.229727e-01
-6.641260e-02

eigenvalue = -2.687069e-01:
+7.396506e-02
+1.280570e-01
+1.477516e-01
+1.277768e-01
+7.351735e-02
-4.519174e-04
-7.430016e-02
-1.282722e-01
-1.479768e-01
-1.282114e-01
-7.430730e-02
-6.556040e-04
+7.316995e-02
+1.276358e-01
+1.484151e-01
+1.301286e-01
+7.768801e-02
+4.919653e-03
-6.913178e-02
-1.252156e-01
-1.488746e-01
-1.341310e-01
-8.492867e-02
-1.400102e-02
+6.049213e-02
+1.196526e-01
+1.486341e-01
+1.403190e-01
+9.698200e-02
+2.957424e-02
-4.513123e-02
-1.087673e-01
-1.458930e-01
-1.476906e-01
-1.139664e-01
-5.302311e-02
+2.049203e-02
+8.918494e-02
+1.370538e-01
+1.531790e-01
+1.341207e-01
+8.452138e-02
+1.584651e-02
-5.637190e-02
-1.161042e-01
-1.503721e-01
-1.519935e-01
-1.209610e-01
-6.422182e-02
+6.013856e-03
+7.500021e-02
+1.285907e-01
+1.561074e-01
+1.523706e-01
+1.185260e-01
+6.157627e-02
-7.210354e-03
-7.463079e-02
-1.281199e-01
-1.580583e-01
-1.594015e-01
-1.323769e-01
-8.219098e-02
-1.787505e-02
+4.945854e-02
+1.085982e-01
+1.500928e-01
+1.676874e-01
+1.591321e-01
+1.262929e-01
+7.460915e-02
+1.204930e-02
-5.222501e-02
-1.092530e-01
-1.515138e-01
-1.738455e-01
-1.739510e-01
-1.524658e-01
-1.126331e-01
-5.967735e-02

eigenvalue = -2.358059e-01:
+6.868475e-02
+1.211749e-01
+1.451031e-01
+1.348470e-01
+9.284579e-02
+2.900759e-02
-4.164530e-02
-1.025277e-01
-1.393936e-01
-1.436649e-01
-1.144095e-01
-5.851335e-02
+1.097516e-02
+7.792090e-02
+1.268649e-01
+1.465895e-01
+1.326625e-01
+8.838796e-02
+2.396936e-02
-4.589035e-02
-1.053765e-01
-1.411475e-01
-1.453010e-01
-1.170662e-01
-6.287086e-02
+5.191564e-03
+7.211536e-02
+1.233160e-01
+1.477956e-01
+1.404554e-01
+1.030776e-01
+4.380916e-02
-2.469573e-02
-8.803306e-02
-1.330934e-01
-1.507455e-01
-1.376152e-01
-9.662876e-02
-3.625936e-02
+3.131528e-02
+9.272746e-02
+1.360752e-01
+1.531893e-01
+1.410878e-01
+1.023781e-01
+4.458273e-02
-2.142496e-02
-8.353467e-02
-1.306399e-01
-1.545888e-01
-1.515094e-01
-1.223133e-01
-7.234053e-02
-1.026487e-02
+5.350136e-02
+1.085984e-01
+1.463925e-01
+1.612653e-01
+1.513404e-01
+1.185758e-01
+6.826020e-02
+8.042551e-03
-5.331765e-02
-1.072659e-01
-1.466346e-01
-1.665343e-01
-1.648547e-01
-1.423483e-01
-1.023269e-01
-5.005689e-02
+8.035381e-03
+6.522067e-02
+1.152717e-01
+1.531213e-01
+1.753118e-01
+1.802110e-01
+1.679993e-01
+1.404631e-01
+1.006449e-01
+5.241193e-02

eigenvalue = -2.058244e-01:
-6.330287e-02
-1.135780e-01
-1.404871e-01
-1.385114e-01
-1.080807e-01
-5.547021e-02
+8.508673e-03
+7.074643e-02
+1.185333e-01
+1.421572e-01
+1.368684e-01
+1.038126e-01
+4.975419e-02
-1.433978e-02
-7.555081e-02
-1.216262e-01
-1.434272e-01
-1.367183e-01
-1.029496e-01
-4.889773e-02
+1.474152e-02
+7.550514e-02
+1.216192e-01
+1.442699e-01
+1.392529e-01
+1.076967e-01
+5.574932e-02
-6.681567e-03
-6.786497e-02
-1.164720e-01
-1.436625e-01
-1.446506e-01
-1.194782e-01
-7.288732e-02
-1.334918e-02
+4.853776e-02
+1.019685e-01
+1.378158e-01
+1.501504e-01
+1.371497e-01
+1.012716e-01
+4.870090e-02
-1.179866e-02
-7.040178e-02
-1.178383e-01
-1.468400e-01
-1.531957e-01
-1.362726e-01
-9.895798e-02
-4.706956e-02
+1.163726e-02
+6.868699e-02
+1.161286e-01
+1.476231e-01
+1.592308e-01
+1.498112e-01
+1.210139e-01
+7.689704e-02
+2.326129e-02
-3.318757e-02
-8.571920e-02
-1.283861e-01
-1.566631e-01
-1.678585e-01
-1.612715e-01
-1.381071e-01
-1.011877e-01
-5.451858e-02
-2.775880e-03
+4.921588e-02
+9.695881e-02
+1.366646e-01
+1.655187e-01
+1.818150e-01
+1.849691e-01
+1.754250e-01
+1.544840e-01
+1.240828e-01
+8.655228e-02
+4.438011e-02

eigenvalue = -1.788539e-01:
+5.787540e-02
+1.054010e-01
+1.340854e-01
+1.388176e-01
+1.187759e-01
+7.756310e-02
+2.254590e-02
-3.647678e-02
-8.903238e-02
-1.258401e-01
-1.404476e-01
-1.303500e-01
-9.739658e-02
-4.742475e-02
+1.080250e-02
+6.715695e-02
+1.119194e-01
+1.374534e-01
+1.394893e-01
+1.178051e-01
+7.620010e-02
+2.178591e-02
-3.626763e-02
-8.830244e-02
-1.257844e-01
-1.426864e-01
-1.364207e-01
-1.081808e-01
-6.266071e-02
-7.218614e-03
+4.935612e-02
+9.826001e-02
+1.320434e-01
+1.457170e-01
+1.374365e-01
+1.086806e-01
+6.392157e-02
+9.863970e-03
-4.561049e-02
-9.461911e-02
-1.303966e-01
-1.481977e-01
-1.458681e-01
-1.240268e-01
-8.585834e-02
-3.657374e-02
+1.736494e-02
+6.913328e-02
+1.124212e-01
+1.421847e-01
+1.551863e-01
+1.502757e-01
+1.283970e-01
+9.234940e-02
+4.635184e-02
-4.516587e-03
-5.492262e-02
-9.985715e-02
-1.351237e-01
-1.576935e-01
-1.659033e-01
-1.594952e-01
-1.395120e-01
-1.080800e-01
-6.811322e-02
-2.298207e-02
+2.381818e-02
+6.896585e-02
+1.095555e-01
+1.432706e-01
+1.684812e-01
+1.842701e-01
+1.903969e-01
+1.872137e-01
+1.755472e-01
+1.565640e-01
+1.316318e-01
+1.021890e-01
+6.963088e-02
+3.521656e-02

eigenvalue = -1.548605e-01:
-5.270079e-02
-9.724160e-02
-1.267330e-01
-1.366263e-01
-1.254149e-01
-9.485811e-02
-4.969485e-02
+3.104801e-03
+5.542849e-02
+9.927798e-02
+1.279953e-01
+1.372690e-01
+1.257671e-01
+9.530719e-02
+5.054351e-02
-1.770025e-03
-5.382050e-02
-9.791563e-02
-1.276211e-01
-1.386867e-01
-1.296280e-01
-1.018891e-01
-5.957425e-02
-8.802219e-03
+4.320929e-02
+8.918796e-02
+1.228252e-01
+1.396253e-01
+1.374724e-01
+1.168499e-01
+8.069658e-02
+3.393770e-02
-1.722930e-02
-6.618572e-02
-1.067584e-01
-1.339877e-01
-1.447023e-01
-1.378390e-01
-1.144839e-01
-7.764616e-02
-3.181372e-02
+1.764125e-02
+6.512317e-02
+1.054565e-01
+1.344377e-01
+1.492387e-01
+1.486295e-01
+1.330101e-01
+1.042660e-01
+6.548032e-02
+2.054638e-02
-2.626614e-02
-7.074309e-02
-1.091108e-01
-1.383405e-01
-1.563520e-01
-1.621079e-01
-1.556039e-01
-1.377681e-01
-1.102926e-01
-7.541979e-02
-3.571124e-02
+6.179928e-03
+4.771223e-02
+8.662163e-02
+1.210417e-01
+1.495751e-01
+1.713194e-01
+1.858516e-01
+1.931810e-01
+1.936782e-01
+1.879916e-01
+1.769584e-01
+1.615182e-01
+1.426343e-01
+1.212278e-01
+9.812366e-02
+7.401150e-02
+4.941878e-02
+2.469441e-02

eigenvalue = -1.333567e-01:
-4.852602e-02
-9.058195e-02
-1.205670e-01
-1.345001e-01
-1.305492e-01
-1.092683e-01
-7.351166e-02
-2.803959e-02
+2.112798e-02
+6.751973e-02
+1.050719e-01
+1.289221e-01
+1.360324e-01
+1.255625e-01
+9.894818e-02
+5.968136e-02
+1.282822e-02
-3.564525e-02
-7.964682e-02
-1.137281e-01
-1.337524e-01
-1.373784e-01
-1.243055e-01
-9.625920e-02
-5.672825e-02
-1.049684e-02
+3.696134e-02
+8.014758e-02
+1.141779e-01
+1.353236e-01
+1.413930e-01
+1.319203e-01
+1.081495e-01
+7.282826e-02
+2.984803e-02
-1.622098e-02
-6.063947e-02
-9.899573e-02
-1.276363e-01
-1.439900e-01
-1.467599e-01
-1.359747e-01
-1.129056e-01
-7.987085e-02
-3.995565e-02
+3.314780e-03
+4.631421e-02
+8.563228e-02
+1.183421e-01
+1.421994e-01
+1.557628e-01
+1.584341e-01
+1.504245e-01
+1.326592e-01
+1.066363e-01
+7.425935e-02
+3.765844e-02
-9.807292e-04
-3.956957e-02
-7.624059e-02
-1.094377e-01
-1.379712e-01
-1.610389e-01
-1.782181e-01
-1.894323e-01
-1.949023e-01
-1.950848e-01
-1.906076e-01
-1.822051e-01
-1.706592e-01
-1.567474e-01
-1.412017e-01
-1.246765e-01
-1.077272e-01
-9.079781e-02
-7.421501e-02
-5.818883e-02
-4.281616e-02
-2.808621e-02
-1.388539e-02

eigenvalue = -1.132504e-01:
-4.572405e-02
-8.627096e-02
-1.170561e-01
-1.346102e-01
-1.369722e-01
-1.239056e-01
-9.691534e-02
-5.906523e-02
-1.461815e-02
+3.145558e-02
+7.404365e-02
+1.084647e-01
+1.309830e-01
+1.392073e-01
+1.323316e-01
+1.111955e-01
+7.816054e-02
+3.682477e-02
-8.390466e-03
-5.272934e-02
-9.161095e-02
-1.211028e-01
-1.383091e-01
-1.416361e-01
-1.309123e-01
-1.073579e-01
-7.341496e-02
-3.246295e-02
+1.154485e-02
+5.448196e-02
+9.244473e-02
+1.221046e-01
+1.409852e-01
+1.476433e-01
+1.417430e-01
+1.240246e-01
+9.618008e-02
+6.065415e-02
+2.039500e-02
-2.141740e-02
-6.163995e-02
-9.740861e-02
-1.263360e-01
-1.466524e-01
-1.572841e-01
-1.578704e-01
-1.487243e-01
-1.307469e-01
-1.053085e-01
-7.410991e-02
-3.903657e-02
-2.018380e-03
+3.509530e-02
+7.063850e-02
+1.032051e-01
+1.316970e-01
+1.553458e-01
+1.737100e-01
+1.866520e-01
+1.943004e-01
+1.970021e-01
+1.952696e-01
+1.897277e-01
+1.810629e-01
+1.699784e-01
+1.571573e-01
+1.432324e-01
+1.287663e-01
+1.142374e-01
+1.000346e-01
+8.645628e-02
+7.371508e-02
+6.194466e-02
+5.120905e-02
+4.151248e-02
+3.280904e-02
+2.501134e-02
+1.799743e-02
+1.161554e-02
+5.686021e-03

eigenvalue = -9.355562e-02:
+4.349900e-02
+8.292948e-02
+1.146095e-01
+1.355924e-01
+1.439427e-01
+1.389141e-01
+1.210113e-01
+9.193183e-02
+5.439508e-02
+1.187680e-02
-3.172366e-02
-7.244980e-02
-1.066523e-01
-1.313164e-01
-1.443228e-01
-1.446188e-01
-1.322878e-01
-1.085129e-01
-7.544336e-02
-3.597984e-02
+6.498835e-03
+4.843940e-02
+8.641992e-02
+1.174302e-01
+1.391038e-01
+1.498836e-01
+1.491117e-01
+1.370406e-01
+1.147686e-01
+8.411310e-02
+4.743449e-02
+7.429768e-03
-3.308451e-02
-7.138218e-02
-1.050140e-01
-1.319582e-01
-1.507276e-01
-1.604276e-01
-1.607681e-01
-1.520309e-01
-1.350025e-01
-1.108780e-01
-8.115004e-02
-4.748913e-02
-1.162741e-02
+2.474793e-02
+6.008499e-02
+9.303754e-02
+1.225134e-01
+1.477008e-01
+1.680747e-01
+1.833852e-01
+1.936316e-01
+1.990268e-01
+1.999549e-01
+1.969266e-01
+1.905349e-01
+1.814141e-01
+1.702034e-01
+1.575178e-01
+1.439242e-01
+1.299257e-01
+1.159514e-01
+1.023521e-01
+8.940090e-02
+7.729699e-02
+6.617259e-02
+5.610137e-02
+4.710772e-02
+3.917630e-02
+3.226104e-02
+2.629351e-02
+2.119009e-02
+1.685799e-02
+1.319996e-02
+1.011770e-02
+7.514005e-03
+5.293769e-03
+3.363693e-03
+1.630868e-03

eigenvalue = -7.390162e-02:
-4.107875e-02
-7.912272e-02
-1.113271e-01
-1.353287e-01
-1.493820e-01
-1.524869e-01
-1.444566e-01
-1.259233e-01
-9.828068e-02
-6.356905e-02
-2.431459e-02
+1.666501e-02
+5.647157e-02
+9.233752e-02
+1.218209e-01
+1.429700e-01
+1.544459e-01
+1.555965e-01
+1.464777e-01
+1.278234e-01
+1.009697e-01
+6.774001e-02
+3.030377e-02
-8.981046e-03
-4.772830e-02
-8.367580e-02
-1.148189e-01
-1.395180e-01
-1.565739e-01
-1.652700e-01
-1.653796e-01
-1.571432e-01
-1.412177e-01
-1.186064e-01
-9.057347e-02
-5.855276e-02
-2.405547e-02
+1.141647e-02
+4.644673e-02
+7.976730e-02
+1.103053e-01
+1.372135e-01
+1.598839e-01
+1.779480e-01
+1.912627e-01
+1.998879e-01
+2.040556e-01
+2.041358e-01
+2.005996e-01
+1.939844e-01
+1.848599e-01
+1.737995e-01
+1.613555e-01
+1.480403e-01
+1.343120e-01
+1.205659e-01
+1.071302e-01
+9.426548e-02
+8.216762e-02
+7.097260e-02
+6.076338e-02
+5.157745e-02
+4.341483e-02
+3.624591e-02
+3.001887e-02
+2.466631e-02
+2.011113e-02
+1.627128e-02
+1.306376e-02
+1.040757e-02
+8.225885e-03
+6.447523e-03
+5.007770e-03
+3.848724e-03
+2.919214e-03
+2.174410e-03
+1.575191e-03
+1.087317e-03
+6.804128e-04
+3.267802e-04

eigenvalue = -5.422786e-02:
+3.810810e-02
+7.415061e-02
+1.061793e-01
+1.324735e-01
+1.516355e-01
+1.626672e-01
+1.650206e-01
+1.586224e-01
+1.438701e-01
+1.216002e-01
+9.303266e-02
+5.969472e-02
+2.332930e-02
-1.420507e-02
-5.103703e-02
-8.538140e-02
-1.156287e-01
-1.404207e-01
-1.587075e-01
-1.697850e-01
-1.733117e-01
-1.693040e-01
-1.581135e-01
-1.403886e-01
-1.170228e-01
-8.909465e-02
-5.780385e-02
-2.440610e-02
+9.848524e-03
+4.377107e-02
+7.628068e-02
+1.064414e-01
+1.334881e-01
+1.568411e-01
+1.761104e-01
+1.910906e-01
+2.017478e-01
+2.082000e-01
+2.106936e-01
+2.095767e-01
+2.052723e-01
+1.982513e-01
+1.890079e-01
+1.780375e-01
+1.658181e-01
+1.527952e-01
+1.393712e-01
+1.258972e-01
+1.126698e-01
+9.992966e-02
+8.786287e-02
+7.660454e-02
+6.624351e-02
+5.682803e-02
+4.837199e-02
+4.086121e-02
+3.425951e-02
+2.851444e-02
+2.356232e-02
+1.933265e-02
+1.575186e-02
+1.274623e-02
+1.024427e-02
+8.178328e-03
+6.485799e-03
+5.109812e-03
+3.999534e-03
+3.110204e-03
+2.402929e-03
+1.844338e-03
+1.406120e-03
+1.064510e-03
+7.997480e-04
+5.955470e-04
+4.385792e-04
+3.179914e-04
+2.249489e-04
+1.522297e-04
+9.384172e-05
+4.464713e-05

eigenvalue = -3.452975e-02:
-3.415388e-02
-6.712927e-02
-9.779325e-02
-1.251019e-01
-1.481397e-01
-1.661525e-01
-1.785740e-01
-1.850427e-01
-1.854108e-01
-1.797430e-01
-1.683070e-01
-1.515560e-01
-1.301040e-01
-1.046958e-01
-7.617291e-02
-4.543773e-02
-1.341726e-02
+1.897195e-02
+5.085597e-02
+8.143165e-02
+1.099898e-01
+1.359330e-01
+1.587869e-01
+1.782063e-01
+1.939755e-01
+2.060032e-01
+2.143137e-01
+2.190341e-01
+2.203790e-01
+2.186340e-01
+2.141382e-01
+2.072667e-01
+1.984141e-01
+1.879796e-01
+1.763536e-01
+1.639063e-01
+1.509797e-01
+1.378803e-01
+1.248752e-01
+1.121901e-01
+1.000086e-01
+8.847350e-02
+7.768940e-02
+6.772576e-02
+5.862107e-02
+5.038706e-02
+4.301328e-02
+3.647137e-02
+3.071932e-02
+2.570521e-02
+2.137067e-02
+1.765372e-02
+1.449131e-02
+1.182119e-02
+9.583510e-03
+7.721879e-03
+6.184153e-03
+4.922872e-03
+3.895459e-03
+3.064222e-03
+2.396191e-03
+1.862856e-03
+1.439827e-03
+1.106440e-03
+8.453695e-04
+6.422099e-04
+4.850955e-04
+3.643327e-04
+2.720738e-04
+2.020070e-04
+1.491056e-04
+1.093847e-04
+7.971815e-05
+5.765547e-05
+4.130738e-05
+2.919480e-05
+2.018734e-05
+1.340103e-05
+8.140812e-06
+3.836033e-06

eigenvalue = -1.480719e-02:
+2.794277e-02
+5.547246e-02
+8.218617e-02
+1.077010e-01
+1.316631e-01
+1.537558e-01
+1.737069e-01
+1.912935e-01
+2.063460e-01
+2.187508e-01
+2.284500e-01
+2.354405e-01
+2.397716e-01
+2.415406e-01
+2.408875e-01
+2.379893e-01
+2.330529e-01
+2.263081e-01
+2.180005e-01
+2.083840e-01
+1.977147e-01
+1.862441e-01
+1.742140e-01
+1.618517e-01
+1.493664e-01
+1.369459e-01
+1.247552e-01
+1.129351e-01
+1.016020e-01
+9.084816e-02
+8.074307e-02
+7.133465e-02
+6.265132e-02
+5.470412e-02
+4.748907e-02
+4.098950e-02
+3.517847e-02
+3.002097e-02
+2.547612e-02
+2.149899e-02
+1.804238e-02
+1.505824e-02
+1.249890e-02
+1.031807e-02
+8.471605e-03
+6.918049e-03
+5.619041e-03
+4.539529e-03
+3.647859e-03
+2.915762e-03
+2.318251e-03
+1.833458e-03
+1.442415e-03
+1.128820e-03
+8.787823e-04
+6.805575e-04
+5.243023e-04
+4.018257e-04
+3.063625e-04
+2.323713e-04
+1.753410e-04
+1.316259e-04
+9.830145e-05
+7.303744e-05
+5.398692e-05
+3.970065e-05
+2.904460e-05
+2.113879e-05
+1.530540e-05
+1.102459e-05
+7.898799e-06
+5.626912e-06
+3.985249e-06
+2.804087e-06
+1.955267e-06
+1.348712e-06
+9.134338e-07
+5.940416e-07
+3.561466e-07
+1.674852e-07

