Numerical Analysis Of A Quantum Harmonic Oscillator

Program parameters:
  n        = 80
  infinity = 0.5
  N_max    = 200000
  epsilon  = 1.000000e-08

Jacobi eigenpair algorithm completed:
  Number of iterations = 9318
  Max. Abs. off-diag.  = 9.96361e-09
  time spent           = 0.196972 s

Eigenvalues:
-4.174871e+00
-4.123645e+00
-4.085346e+00
-4.054665e+00
-4.029763e+00
-4.009997e+00
-3.993553e+00
-3.975130e+00
-3.952671e+00
-3.926603e+00
-3.897270e+00
-3.864876e+00
-3.829568e+00
-3.791461e+00
-3.750656e+00
-3.707242e+00
-3.661307e+00
-3.612936e+00
-3.562213e+00
-3.509225e+00
-3.454059e+00
-3.396802e+00
-3.337546e+00
-3.276383e+00
-3.213409e+00
-3.148721e+00
-3.082418e+00
-3.014601e+00
-2.945375e+00
-2.874845e+00
-2.803117e+00
-2.730301e+00
-2.656507e+00
-2.581846e+00
-2.506433e+00
-2.430380e+00
-2.353803e+00
-2.276818e+00
-2.199540e+00
-2.122087e+00
-2.044576e+00
-1.967123e+00
-1.889846e+00
-1.812861e+00
-1.736284e+00
-1.660233e+00
-1.584820e+00
-1.510161e+00
-1.436369e+00
-1.363555e+00
-1.291830e+00
-1.221302e+00
-1.152080e+00
-1.084269e+00
-1.017972e+00
-9.532909e-01
-8.903264e-01
-8.291759e-01
-7.699351e-01
-7.126980e-01
-6.575568e-01
-6.046022e-01
-5.539242e-01
-5.056127e-01
-4.597589e-01
-4.164574e-01
-3.758091e-01
-3.379253e-01
-3.029275e-01
-2.709241e-01
-2.418895e-01
-2.153665e-01
-1.903344e-01
-1.658054e-01
-1.413421e-01
-1.168513e-01
-9.232269e-02
-6.775565e-02
-4.315026e-02
-1.850660e-02

Eigenvectors:

eigenvalue = -4.174871e+00:
-4.143810e-09
+4.981375e-09
-2.155567e-09
-1.134391e-09
+2.598468e-09
-1.851955e-09
+7.016411e-11
+1.917401e-09
-4.318881e-09
+7.178484e-09
-1.077529e-08
+1.273934e-08
-1.333192e-08
+1.345110e-08
-1.448079e-08
+1.985031e-08
-2.840276e-08
+4.306291e-08
-6.513083e-08
+9.713467e-08
-1.456847e-07
+2.161206e-07
-3.204478e-07
+4.723871e-07
-6.943501e-07
+1.020865e-06
-1.499671e-06
+2.201441e-06
-3.223102e-06
+4.704478e-06
-6.846510e-06
+9.934342e-06
-1.437474e-05
+2.073372e-05
-2.980506e-05
+4.269620e-05
-6.094444e-05
+8.667483e-05
-1.227949e-04
+1.732723e-04
-2.434831e-04
+3.406722e-04
-4.745356e-04
+6.579480e-04
-9.078826e-04
+1.246527e-03
-1.702648e-03
+2.313202e-03
-3.125189e-03
+4.197766e-03
-5.604528e-03
+7.435901e-03
-9.801451e-03
+1.283191e-02
-1.668053e-02
+2.152342e-02
-2.755821e-02
+3.500045e-02
-4.407683e-02
+5.501462e-02
-6.802630e-02
+8.328871e-02
-1.009165e-01
+1.209296e-01
-1.432158e-01
+1.674902e-01
-1.932535e-01
+2.197556e-01
-2.459673e-01
+2.705698e-01
-2.919693e-01
+3.083438e-01
-3.177312e-01
+3.181634e-01
-3.078461e-01
+2.853801e-01
-2.500100e-01
+2.018775e-01
-1.422474e-01
+7.366495e-02

eigenvalue = -4.123645e+00:
-1.140595e-08
+2.176039e-08
-3.647817e-08
+5.692251e-08
-8.459370e-08
+1.225627e-07
-1.735606e-07
+2.471665e-07
-3.496022e-07
+4.970690e-07
-7.057862e-07
+9.975797e-07
-1.407243e-06
+1.982613e-06
-2.787380e-06
+3.913449e-06
-5.485477e-06
+7.675348e-06
-1.072067e-05
+1.494373e-05
-2.078603e-05
+2.884936e-05
-3.994808e-05
+5.517722e-05
-7.602191e-05
+1.044562e-04
-1.431123e-04
+1.954887e-04
-2.661955e-04
+3.612834e-04
-4.886550e-04
+6.585512e-04
-8.841786e-04
+1.182441e-03
-1.574822e-03
+2.088413e-03
-2.757091e-03
+3.622847e-03
-4.737213e-03
+6.162761e-03
-7.974581e-03
+1.026162e-02
-1.312771e-02
+1.669207e-02
-2.108895e-02
+2.646614e-02
-3.298181e-02
+4.079936e-02
-5.007970e-02
+6.097045e-02
-7.359183e-02
+8.801887e-02
-1.042601e-01
+1.222332e-01
-1.417382e-01
+1.624311e-01
-1.837981e-01
+2.051366e-01
-2.255444e-01
+2.439234e-01
-2.590021e-01
+2.693825e-01
-2.736137e-01
+2.702959e-01
-2.582126e-01
+2.364865e-01
-2.047484e-01
+1.633044e-01
-1.132791e-01
+5.670982e-02
+3.435840e-03
-6.334636e-02
+1.185765e-01
-1.643902e-01
+1.962288e-01
-2.102713e-01
+2.040344e-01
-1.769302e-01
+1.306857e-01
-6.952183e-02

eigenvalue = -4.085346e+00:
-1.118601e-06
+2.333055e-06
-3.744368e-06
+5.473894e-06
-7.669366e-06
+1.051206e-05
-1.423698e-05
+1.915065e-05
-2.565141e-05
+3.426272e-05
-4.566860e-05
+6.076105e-05
-8.070528e-05
+1.070174e-04
-1.416628e-04
+1.871847e-04
-2.468576e-04
+3.248789e-04
-4.266160e-04
+5.588952e-04
-7.303538e-04
+9.518723e-04
-1.237076e-03
+1.602922e-03
-2.070389e-03
+2.665249e-03
-3.418923e-03
+4.369417e-03
-5.562292e-03
+7.051637e-03
-8.900981e-03
+1.118405e-02
-1.398524e-02
+1.739969e-02
-2.153270e-02
+2.649834e-02
-3.241694e-02
+3.941117e-02
-4.760048e-02
+5.709354e-02
-6.797849e-02
+8.031090e-02
-9.409935e-02
+1.092891e-01
-1.257439e-01
+1.432280e-01
-1.613878e-01
+1.797371e-01
-1.976466e-01
+2.143423e-01
-2.289129e-01
+2.403329e-01
-2.475021e-01
+2.493034e-01
-2.446811e-01
+2.327383e-01
-2.128479e-01
+1.847725e-01
-1.487822e-01
+1.057553e-01
-5.724730e-02
+5.508279e-03
+4.656744e-02
-9.557488e-02
+1.378225e-01
-1.696447e-01
+1.877875e-01
-1.898364e-01
+1.746392e-01
-1.426648e-01
+9.622943e-02
-3.952285e-02
-2.161763e-02
+8.021348e-02
-1.289181e-01
+1.609936e-01
-1.713764e-01
+1.576684e-01
-1.208652e-01
+6.563482e-02

eigenvalue = -4.054665e+00:
-4.381835e-05
+9.002918e-05
-1.411472e-04
+1.999299e-04
-2.695205e-04
+3.535882e-04
-4.565012e-04
+5.835160e-04
-7.410048e-04
+9.367111e-04
-1.180054e-03
+1.482463e-03
-1.857778e-03
+2.322685e-03
-2.897217e-03
+3.605284e-03
-4.475265e-03
+5.540602e-03
-6.840412e-03
+8.420058e-03
-1.033165e-02
+1.263441e-02
-1.539481e-02
+1.868645e-02
-2.258945e-02
+2.718933e-02
-3.257515e-02
+3.883682e-02
-4.606130e-02
+5.432765e-02
-6.370072e-02
+7.422338e-02
-8.590736e-02
+9.872269e-02
-1.125861e-01
+1.273488e-01
-1.427841e-01
+1.585765e-01
-1.743122e-01
+1.894741e-01
-2.034421e-01
+2.155001e-01
-2.248534e-01
+2.306564e-01
-2.320528e-01
+2.282290e-01
-2.184796e-01
+2.022836e-01
-1.793866e-01
+1.498840e-01
-1.142968e-01
+7.362989e-02
-2.940160e-02
-1.636643e-02
+6.121063e-02
-1.023455e-01
+1.368454e-01
-1.618844e-01
+1.750222e-01
-1.745126e-01
+1.596041e-01
-1.307908e-01
+8.997005e-02
-4.046088e-02
-1.315138e-02
+6.536534e-02
-1.103031e-01
+1.424033e-01
-1.571975e-01
+1.520673e-01
-1.268573e-01
+8.421500e-02
-2.954119e-02
-2.951628e-02
+8.402845e-02
-1.251238e-01
+1.455207e-01
-1.409967e-01
+1.114937e-01
-6.157153e-02

eigenvalue = -4.029763e+00:
+7.919535e-04
-1.607453e-03
+2.470549e-03
-3.406327e-03
+4.441414e-03
-5.604463e-03
+6.926633e-03
-8.442026e-03
+1.018809e-02
-1.220594e-02
+1.454057e-02
-1.724092e-02
+2.035981e-02
-2.395357e-02
+2.808136e-02
-3.280419e-02
+3.818338e-02
-4.427855e-02
+5.114493e-02
-5.883001e-02
+6.736939e-02
-7.678182e-02
+8.706349e-02
-9.818149e-02
+1.100668e-01
-1.226068e-01
+1.356378e-01
-1.489380e-01
+1.622218e-01
-1.751354e-01
+1.872555e-01
-1.980920e-01
+2.070950e-01
-2.136684e-01
+2.171896e-01
-2.170371e-01
+2.126264e-01
-2.034526e-01
+1.891397e-01
-1.694945e-01
+1.445604e-01
-1.146695e-01
+8.048385e-02
-4.302325e-02
+3.669362e-03
+3.585844e-02
-7.356231e-02
+1.072638e-01
-1.347409e-01
+1.539011e-01
-1.629814e-01
+1.607596e-01
-1.467590e-01
+1.214182e-01
-8.620020e-02
+4.361199e-02
+2.889557e-03
-4.911938e-02
+9.051494e-02
-1.225986e-01
+1.415138e-01
-1.445764e-01
+1.307657e-01
-1.010707e-01
+5.860932e-02
-8.456898e-03
-4.284750e-02
+8.809817e-02
-1.204487e-01
+1.345331e-01
-1.275031e-01
+9.977690e-02
-5.531136e-02
+1.260751e-03
+5.301540e-02
-9.750640e-02
+1.234395e-01
-1.251592e-01
+1.015891e-01
-5.688408e-02

eigenvalue = -4.009997e+00:
-6.326939e-03
+1.271689e-02
-1.923204e-02
+2.593286e-02
-3.287713e-02
+4.011878e-02
-4.770647e-02
+5.568203e-02
-6.407848e-02
+7.291778e-02
-8.220823e-02
+9.194152e-02
-1.020895e-01
+1.126007e-01
-1.233967e-01
+1.343684e-01
-1.453727e-01
+1.562296e-01
-1.667196e-01
+1.765830e-01
-1.855204e-01
+1.931951e-01
-1.992382e-01
+2.032572e-01
-2.048472e-01
+2.036067e-01
-1.991572e-01
+1.911666e-01
-1.793763e-01
+1.636312e-01
-1.439105e-01
+1.203588e-01
-9.331419e-02
+6.333037e-02
-3.119012e-02
-2.094191e-03
+3.529602e-02
-6.700952e-02
+9.570594e-02
-1.198124e-01
+1.378122e-01
-1.483625e-01
+1.504238e-01
-1.433910e-01
+1.272139e-01
-1.024927e-01
+7.053234e-02
-3.334035e-02
-6.445325e-03
+4.570577e-02
-8.106923e-02
+1.092085e-01
-1.271876e-01
+1.328247e-01
-1.250315e-01
+1.040766e-01
-7.172566e-02
+3.121218e-02
+1.299010e-02
-5.559924e-02
+9.113744e-02
-1.146649e-01
+1.225435e-01
-1.131145e-01
+8.716209e-02
-4.804894e-02
+1.440947e-03
+4.539911e-02
-8.469405e-02
+1.094711e-01
-1.149033e-01
+9.941343e-02
-6.528018e-02
+1.854404e-02
+3.187605e-02
-7.578268e-02
+1.037681e-01
-1.093477e-01
+9.067114e-02
-5.133882e-02

eigenvalue = -3.993553e+00:
-1.952952e-02
+3.893237e-02
-5.807828e-02
+7.682981e-02
-9.503914e-02
+1.125452e-01
-1.291712e-01
+1.447232e-01
-1.589892e-01
+1.717395e-01
-1.827280e-01
+1.916960e-01
-1.983761e-01
+2.024998e-01
-2.038055e-01
+2.020500e-01
-1.970207e-01
+1.885516e-01
-1.765391e-01
+1.609599e-01
-1.418896e-01
+1.195203e-01
-9.417606e-02
+6.632637e-02
-3.659332e-02
+5.752866e-03
+2.527286e-02
-5.543362e-02
+8.358098e-02
-1.085111e-01
+1.290203e-01
-1.439732e-01
+1.523803e-01
-1.534819e-01
+1.468333e-01
-1.323842e-01
+1.105440e-01
-8.222474e-02
+4.885112e-02
-1.233131e-02
-2.501980e-02
+6.060700e-02
-9.172972e-02
+1.157983e-01
-1.305779e-01
+1.344401e-01
-1.265960e-01
+1.072798e-01
-7.785366e-02
+4.080295e-02
+3.977151e-04
-4.155640e-02
+7.816548e-02
-1.059042e-01
+1.211930e-01
-1.217312e-01
+1.069384e-01
-7.821711e-02
+3.896556e-02
+5.705608e-03
-4.955732e-02
+8.606305e-02
-1.094081e-01
+1.155015e-01
-1.028234e-01
+7.292889e-02
-3.045941e-02
-1.741650e-02
+6.211145e-02
-9.513813e-02
+1.097882e-01
-1.026421e-01
+7.455927e-02
-3.085599e-02
-1.948455e-02
+6.552326e-02
-9.671859e-02
+1.054398e-01
-8.903774e-02
+5.088780e-02

eigenvalue = -3.975130e+00:
-3.171658e-02
+6.264316e-02
-9.200222e-02
+1.190416e-01
-1.430478e-01
+1.633600e-01
-1.793854e-01
+1.906144e-01
-1.966379e-01
+1.971641e-01
-1.920354e-01
+1.812453e-01
-1.649531e-01
+1.434962e-01
-1.173989e-01
+8.737523e-02
-5.432622e-02
+1.932784e-02
+1.638984e-02
-5.147445e-02
+8.449431e-02
-1.139929e-01
+1.385542e-01
-1.568768e-01
+1.678546e-01
-1.706604e-01
+1.648258e-01
-1.503135e-01
+1.275724e-01
-9.757049e-02
+6.179587e-02
-2.222153e-02
-1.877252e-02
+5.852072e-02
-9.423575e-02
+1.232084e-01
-1.430325e-01
+1.518381e-01
-1.485130e-01
+1.328870e-01
-1.058545e-01
+6.940907e-02
-2.657204e-02
-1.879797e-02
+6.231375e-02
-9.947160e-02
+1.261354e-01
-1.390451e-01
+1.362897e-01
-1.176759e-01
+8.492569e-02
-4.164649e-02
-6.959445e-03
+5.464739e-02
-9.490430e-02
+1.218618e-01
-1.312268e-01
+1.210823e-01
-9.240590e-02
+4.917462e-02
+2.025142e-03
-5.288740e-02
+9.468783e-02
-1.198133e-01
+1.232592e-01
-1.037962e-01
+6.452358e-02
-1.260957e-02
-4.183976e-02
+8.765825e-02
-1.149300e-01
+1.172675e-01
-9.352446e-02
+4.846477e-02
+7.912790e-03
-6.239757e-02
+1.015975e-01
-1.153179e-01
+9.943686e-02
-5.743598e-02

eigenvalue = -3.952671e+00:
-4.084026e-02
+7.974602e-02
-1.148653e-01
+1.445087e-01
-1.672245e-01
+1.818664e-01
-1.876512e-01
+1.842042e-01
-1.715898e-01
+1.503246e-01
-1.213718e-01
+8.611495e-02
-4.630984e-02
+4.014714e-03
+3.850041e-02
-7.886327e-02
+1.147243e-01
-1.438922e-01
+1.644732e-01
-1.750075e-01
+1.745914e-01
-1.629782e-01
+1.406457e-01
-1.088215e-01
+6.945849e-02
-2.515388e-02
-2.098916e-02
+6.555577e-02
-1.050613e-01
+1.362276e-01
-1.562746e-01
+1.632028e-01
-1.560388e-01
+1.350148e-01
-1.016534e-01
+5.873597e-02
-1.013803e-02
-3.946857e-02
+8.503551e-02
-1.216494e-01
+1.450893e-01
-1.523688e-01
+1.421953e-01
-1.152735e-01
+7.439224e-02
-2.424993e-02
-2.899534e-02
+7.842769e-02
-1.172628e-01
+1.398199e-01
-1.424402e-01
+1.242018e-01
-8.728823e-02
+3.690052e-02
+1.933372e-02
-7.242443e-02
+1.134331e-01
-1.350300e-01
+1.329277e-01
-1.069025e-01
+6.115342e-02
-3.839371e-03
-5.421875e-02
+1.015110e-01
-1.281556e-01
+1.281030e-01
-1.007247e-01
+5.135044e-02
+9.501811e-03
-6.818060e-02
+1.109025e-01
-1.270731e-01
+1.121285e-01
-6.910866e-02
+8.397898e-03
+5.451029e-02
-1.028415e-01
+1.230715e-01
-1.089456e-01
+6.375541e-02

eigenvalue = -3.926603e+00:
+4.864247e-02
-9.371288e-02
+1.318908e-01
-1.603431e-01
+1.769290e-01
-1.803603e-01
+1.703064e-01
-1.474345e-01
+1.133819e-01
-7.065750e-02
+2.247780e-02
+2.745533e-02
-7.522267e-02
+1.169845e-01
-1.492864e-01
+1.693512e-01
-1.753343e-01
+1.665176e-01
-1.434233e-01
+1.078293e-01
-6.267746e-02
+1.187212e-02
+4.002355e-02
-8.817487e-02
+1.279192e-01
-1.552283e-01
+1.671457e-01
-1.621522e-01
+1.404132e-01
-1.038687e-01
+5.613863e-02
-2.232445e-03
-5.192470e-02
+1.001161e-01
-1.365494e-01
+1.565866e-01
-1.573983e-01
+1.384468e-01
-1.017161e-01
+5.162475e-02
+5.403077e-03
-6.168825e-02
+1.092993e-01
-1.411876e-01
+1.522978e-01
-1.404785e-01
+1.070220e-01
-5.670228e-02
-2.757218e-03
+6.176209e-02
-1.103504e-01
+1.399027e-01
-1.447719e-01
+1.235199e-01
-7.947747e-02
+2.044072e-02
+4.253885e-02
-9.712990e-02
+1.321417e-01
-1.399274e-01
+1.182485e-01
-7.112470e-02
+8.362819e-03
+5.627761e-02
-1.080040e-01
+1.344157e-01
-1.286514e-01
+9.143880e-02
-3.140404e-02
-3.663276e-02
+9.514116e-02
-1.283916e-01
+1.268572e-01
-9.025279e-02
+2.819222e-02
+4.198014e-02
-9.983195e-02
+1.278026e-01
-1.167651e-01
+6.938996e-02

eigenvalue = -3.897270e+00:
-5.575024e-02
+1.057711e-01
-1.449100e-01
+1.691124e-01
-1.758388e-01
+1.643337e-01
-1.357211e-01
+9.291242e-02
-4.033222e-02
-1.651583e-02
+7.160426e-02
-1.190066e-01
+1.535304e-01
-1.712933e-01
+1.701798e-01
-1.501247e-01
+1.131828e-01
-6.336722e-02
+6.259578e-03
+5.157721e-02
-1.033293e-01
+1.427301e-01
-1.648358e-01
+1.666853e-01
-1.477527e-01
+1.101228e-01
-5.834325e-02
-1.050521e-03
+6.030499e-02
-1.114318e-01
+1.472898e-01
-1.626232e-01
+1.549049e-01
-1.248454e-01
+7.646128e-02
-1.665323e-02
-4.568800e-02
+1.009524e-01
-1.402913e-01
+1.570873e-01
-1.481686e-01
+1.145379e-01
-6.144192e-02
-2.294819e-03
+6.562653e-02
-1.171526e-01
+1.471978e-01
-1.497314e-01
+1.237379e-01
-7.371228e-02
+9.092327e-03
+5.736281e-02
-1.120148e-01
+1.431700e-01
-1.437096e-01
+1.129212e-01
-5.703894e-02
-1.176434e-02
+7.785110e-02
-1.256140e-01
+1.432415e-01
-1.258443e-01
+7.708647e-02
-8.751340e-03
-6.184867e-02
+1.161380e-01
-1.392197e-01
+1.241860e-01
-7.451394e-02
+3.669252e-03
+6.823746e-02
-1.200269e-01
+1.357770e-01
-1.100082e-01
+4.998432e-02
+2.588788e-02
-9.340299e-02
+1.302213e-01
-1.234735e-01
+7.467834e-02

eigenvalue = -3.864876e+00:
+6.239978e-02
-1.163655e-01
+1.545897e-01
-1.718721e-01
+1.658256e-01
-1.372142e-01
+8.987361e-02
-3.022114e-02
-3.358864e-02
+9.275611e-02
-1.390366e-01
+1.658888e-01
-1.694152e-01
+1.489587e-01
-1.072617e-01
+5.015151e-02
+1.422456e-02
-7.652192e-02
+1.275346e-01
-1.595600e-01
+1.675931e-01
-1.501641e-01
+1.096749e-01
-5.215534e-02
-1.355638e-02
+7.711346e-02
-1.282643e-01
+1.585207e-01
-1.626216e-01
+1.395371e-01
-9.281257e-02
+3.014822e-02
+3.776621e-02
-9.901040e-02
+1.425147e-01
-1.601096e-01
+1.481632e-01
-1.084676e-01
+4.814728e-02
+2.146932e-02
-8.687600e-02
+1.349790e-01
-1.557704e-01
+1.445388e-01
-1.031141e-01
+3.979977e-02
+3.210140e-02
-9.696287e-02
+1.402098e-01
-1.516836e-01
+1.282119e-01
-7.470884e-02
+3.413337e-03
+6.870873e-02
-1.239123e-01
+1.480897e-01
-1.345607e-01
+8.619081e-02
-1.512637e-02
-5.998836e-02
+1.187684e-01
-1.446604e-01
+1.298166e-01
-7.779880e-02
+3.126125e-03
+7.247224e-02
-1.262489e-01
+1.413715e-01
-1.124829e-01
+4.798926e-02
+3.194892e-02
-1.014332e-01
+1.371753e-01
-1.265274e-01
+7.238176e-02
+7.058299e-03
-8.399116e-02
+1.305997e-01
-1.292848e-01
+7.975568e-02

eigenvalue = -3.829568e+00:
+6.870597e-02
-1.256996e-01
+1.612509e-01
-1.692645e-01
+1.483269e-01
-1.019684e-01
+3.809124e-02
+3.234895e-02
-9.719696e-02
+1.451795e-01
-1.678656e-01
+1.611681e-01
-1.261181e-01
+6.876139e-02
+8.280096e-04
-7.026919e-02
+1.270488e-01
-1.607762e-01
+1.651173e-01
-1.390458e-01
+8.715723e-02
-1.894970e-02
-5.283694e-02
+1.145534e-01
-1.542322e-01
+1.639518e-01
-1.415057e-01
+9.101172e-02
-2.228765e-02
-5.094916e-02
+1.137554e-01
-1.530086e-01
+1.602141e-01
-1.334658e-01
+7.809184e-02
-5.763388e-03
-6.783194e-02
+1.263281e-01
-1.563431e-01
+1.506512e-01
-1.100989e-01
+4.373003e-02
+3.303114e-02
-1.018356e-01
+1.457716e-01
-1.536157e-01
+1.228931e-01
-6.088143e-02
-1.685125e-02
+9.017026e-02
-1.395318e-01
+1.512838e-01
-1.216651e-01
+5.828839e-02
+2.149898e-02
-9.514416e-02
+1.412046e-01
-1.457181e-01
+1.067183e-01
-3.537512e-02
-4.684965e-02
+1.144472e-01
-1.457760e-01
+1.302135e-01
-7.213562e-02
-9.849561e-03
+8.852122e-02
-1.369646e-01
+1.379327e-01
-9.036986e-02
+1.053223e-02
+7.312348e-02
-1.298725e-01
+1.381157e-01
-9.400070e-02
+1.371741e-02
+7.192282e-02
-1.290564e-01
+1.342763e-01
-8.467933e-02

eigenvalue = -3.791461e+00:
+7.473176e-02
-1.338762e-01
+1.650819e-01
-1.618050e-01
+1.246869e-01
-6.144792e-02
-1.468958e-02
+8.773632e-02
-1.422727e-01
+1.667006e-01
-1.557298e-01
+1.115653e-01
-4.352299e-02
-3.387582e-02
+1.039572e-01
-1.514682e-01
+1.659148e-01
-1.439346e-01
+9.016151e-02
-1.634606e-02
-6.112732e-02
+1.248261e-01
-1.601918e-01
+1.589223e-01
-1.210233e-01
+5.500415e-02
+2.390231e-02
-9.716026e-02
+1.472540e-01
-1.619208e-01
+1.372680e-01
-7.896309e-02
+1.110268e-03
+7.702016e-02
-1.356963e-01
+1.597406e-01
-1.425844e-01
+8.825596e-02
-1.066677e-02
-6.976507e-02
+1.313949e-01
-1.572076e-01
+1.396696e-01
-8.316489e-02
+3.182030e-03
+7.770994e-02
-1.361308e-01
+1.547048e-01
-1.274350e-01
+6.193147e-02
+2.238679e-02
-9.981781e-02
+1.461484e-01
-1.463586e-01
+9.978530e-02
-2.090120e-02
-6.483918e-02
+1.290310e-01
-1.497755e-01
+1.194198e-01
-4.777912e-02
-4.059968e-02
+1.145652e-01
-1.473132e-01
+1.263490e-01
-5.869532e-02
-3.094089e-02
+1.088323e-01
-1.448526e-01
+1.243873e-01
-5.475824e-02
-3.680812e-02
+1.134278e-01
-1.433613e-01
+1.134850e-01
-3.561891e-02
-5.751438e-02
+1.256601e-01
-1.384698e-01
+8.947414e-02

eigenvalue = -3.750656e+00:
-8.051397e-02
+1.409492e-01
-1.662180e-01
+1.499843e-01
-9.626135e-02
+1.844451e-02
+6.399666e-02
-1.303611e-01
+1.639029e-01
-1.560705e-01
+1.087281e-01
-3.377362e-02
-4.978740e-02
+1.206136e-01
-1.604647e-01
+1.589290e-01
-1.162150e-01
+4.324369e-02
+4.104411e-02
-1.145332e-01
+1.577184e-01
-1.589271e-01
+1.175772e-01
-4.454014e-02
-4.058037e-02
+1.146160e-01
-1.571204e-01
+1.560833e-01
-1.114649e-01
+3.548143e-02
+5.056593e-02
-1.221533e-01
+1.585163e-01
-1.487764e-01
+9.538657e-02
-1.376028e-02
-7.197657e-02
+1.360119e-01
-1.586497e-01
+1.325344e-01
-6.529223e-02
-2.241233e-02
+1.030220e-01
-1.506854e-01
+1.496603e-01
-9.977034e-02
+1.695891e-02
+7.150859e-02
-1.358680e-01
+1.539192e-01
-1.189292e-01
+4.249797e-02
+4.890857e-02
-1.228852e-01
+1.525671e-01
-1.266217e-01
+5.397338e-02
+3.881481e-02
-1.169494e-01
+1.504112e-01
-1.257362e-01
+5.188211e-02
+4.250773e-02
-1.198699e-01
+1.486346e-01
-1.164095e-01
+3.583664e-02
+5.980171e-02
-1.299922e-01
+1.441876e-01
-9.550946e-02
+4.670900e-03
+8.825497e-02
-1.412543e-01
+1.295589e-01
-5.778972e-02
-4.110782e-02
+1.204683e-01
-1.418632e-01
+9.414930e-02

eigenvalue = -3.707242e+00:
-8.607454e-02
+1.469468e-01
-1.647767e-01
+1.343104e-01
-6.444172e-02
-2.435420e-02
+1.059868e-01
-1.563930e-01
+1.606325e-01
-1.173497e-01
+3.926464e-02
+5.049649e-02
-1.251973e-01
+1.624393e-01
-1.509127e-01
+9.391137e-02
-8.500605e-03
-7.949239e-02
+1.432319e-01
-1.630689e-01
+1.326807e-01
-6.121956e-02
-2.929314e-02
+1.106396e-01
-1.571671e-01
+1.539397e-01
-1.016799e-01
+1.682810e-02
+7.345300e-02
-1.398763e-01
+1.605528e-01
-1.283470e-01
+5.355870e-02
+3.913180e-02
-1.186425e-01
+1.578816e-01
-1.431030e-01
+7.896496e-02
+1.263558e-02
-9.980464e-02
+1.516703e-01
-1.494184e-01
+9.337976e-02
-3.424432e-03
-8.778604e-02
+1.465228e-01
-1.505500e-01
+9.783035e-02
-7.881410e-03
-8.509593e-02
+1.450545e-01
-1.481711e-01
+9.264278e-02
-7.663484e-05
-9.252046e-02
+1.473671e-01
-1.414613e-01
+7.662870e-02
+2.046001e-02
-1.088451e-01
+1.504341e-01
-1.266530e-01
+4.724216e-02
+5.314388e-02
-1.296772e-01
+1.473699e-01
-9.745821e-02
+2.344736e-03
+9.386830e-02
-1.455717e-01
+1.274782e-01
-4.757811e-02
-5.564900e-02
+1.312845e-01
-1.410920e-01
+7.935266e-02
+2.308241e-02
-1.135452e-01
+1.444441e-01
-9.870605e-02

eigenvalue = -3.661307e+00:
-9.142661e-02
+1.518842e-01
-1.608764e-01
+1.153257e-01
-3.064471e-02
-6.444467e-02
+1.376187e-01
-1.639252e-01
+1.343116e-01
-5.879306e-02
-3.686234e-02
+1.198628e-01
-1.616088e-01
+1.475783e-01
-8.246190e-02
-1.129079e-02
+1.011092e-01
-1.555692e-01
+1.554184e-01
-1.004905e-01
+9.995540e-03
+8.405281e-02
-1.480829e-01
+1.589734e-01
-1.125316e-01
+2.529612e-02
+7.115856e-02
-1.415357e-01
+1.597475e-01
-1.187347e-01
+3.343542e-02
+6.441252e-02
-1.379311e-01
+1.590099e-01
-1.192290e-01
+3.350074e-02
+6.522833e-02
-1.384624e-01
+1.571817e-01
-1.135550e-01
+2.454493e-02
+7.435050e-02
-1.430664e-01
+1.532471e-01
-1.002191e-01
+5.514577e-03
+9.150229e-02
-1.498261e-01
+1.442513e-01
-7.662238e-02
-2.425705e-02
+1.145167e-01
-1.541913e-01
+1.251387e-01
-3.979808e-02
-6.360913e-02
+1.378715e-01
-1.483692e-01
+8.959708e-02
+1.140510e-02
-1.069800e-01
+1.511533e-01
-1.219924e-01
+3.306399e-02
+7.222338e-02
-1.414220e-01
+1.392486e-01
-6.609435e-02
-4.109094e-02
+1.269046e-01
-1.460422e-01
+8.766427e-02
+1.772138e-02
-1.135065e-01
+1.471638e-01
-9.943537e-02
-3.855688e-03
+1.049698e-01
-1.461968e-01
+1.031413e-01

eigenvalue = -3.612936e+00:
-9.657768e-02
+1.557699e-01
-1.546454e-01
+9.361017e-02
+3.715305e-03
-9.959918e-02
+1.567951e-01
-1.530085e-01
+8.962466e-02
+8.726350e-03
-1.036664e-01
+1.580030e-01
-1.503153e-01
+8.347790e-02
+1.629424e-02
-1.096198e-01
+1.594461e-01
-1.458007e-01
+7.392104e-02
+2.758762e-02
-1.179976e-01
+1.607521e-01
-1.383206e-01
+5.956196e-02
+4.355825e-02
-1.287813e-01
+1.608405e-01
-1.261763e-01
+3.890441e-02
+6.467267e-02
-1.409994e-01
+1.575872e-01
-1.070298e-01
+1.060378e-02
+9.039368e-02
-1.521836e-01
+1.475535e-01
-7.811363e-02
-2.585921e-02
+1.183242e-01
-1.577763e-01
+1.260528e-01
-3.706612e-02
-6.887901e-02
+1.430824e-01
-1.508633e-01
+8.808670e-02
+1.619957e-02
-1.127934e-01
+1.554097e-01
-1.230682e-01
+3.089425e-02
+7.642086e-02
-1.459765e-01
+1.428103e-01
-6.790635e-02
-4.139614e-02
+1.295508e-01
-1.509550e-01
+9.390718e-02
+1.237036e-02
-1.121059e-01
+1.520288e-01
-1.101149e-01
+8.393332e-03
+9.792821e-02
-1.500910e-01
+1.184861e-01
-2.014305e-02
-8.965087e-02
+1.480055e-01
-1.206433e-01
+2.275359e-02
+8.856345e-02
-1.471213e-01
+1.172006e-01
-1.612118e-02
-9.484023e-02
+1.471061e-01
-1.074496e-01

eigenvalue = -3.562213e+00:
-1.015316e-01
+1.586101e-01
-1.462271e-01
+6.977765e-02
+3.726207e-02
-1.279535e-01
+1.624530e-01
-1.255295e-01
+3.334471e-02
+7.354085e-02
-1.479510e-01
+1.569080e-01
-9.631186e-02
-7.068557e-03
+1.073017e-01
-1.596396e-01
+1.405322e-01
-5.835416e-02
-5.009099e-02
+1.359179e-01
-1.601702e-01
+1.116107e-01
-1.213107e-02
-9.290387e-02
+1.552277e-01
-1.458982e-01
+6.893827e-02
+4.011682e-02
-1.304109e-01
+1.594337e-01
-1.131911e-01
+1.325004e-02
+9.300866e-02
-1.546900e-01
+1.418363e-01
-6.026805e-02
-5.066098e-02
+1.367686e-01
-1.554755e-01
+9.710649e-02
+9.694632e-03
-1.116306e-01
+1.571929e-01
-1.228633e-01
+2.568231e-02
+8.472375e-02
-1.512078e-01
+1.387677e-01
-5.339429e-02
-6.023931e-02
+1.417626e-01
-1.471742e-01
+7.299112e-02
+4.095901e-02
-1.324268e-01
+1.506559e-01
-8.492729e-02
-2.849529e-02
+1.257904e-01
-1.513314e-01
+8.986271e-02
+2.368783e-02
-1.233986e-01
+1.504249e-01
-8.811987e-02
-2.694923e-02
+1.257473e-01
-1.479859e-01
+7.936430e-02
+3.839967e-02
-1.321832e-01
+1.427087e-01
-6.256883e-02
-5.766778e-02
+1.406254e-01
-1.318782e-01
+3.637162e-02
+8.327499e-02
-1.471597e-01
+1.116243e-01

eigenvalue = -3.509225e+00:
+1.062898e-01
-1.604112e-01
+1.357824e-01
-4.446848e-02
-6.869656e-02
+1.480816e-01
-1.545889e-01
+8.493915e-02
+2.660367e-02
-1.250080e-01
+1.615852e-01
-1.181155e-01
+1.602961e-02
+9.402644e-02
-1.572345e-01
+1.419278e-01
-5.558206e-02
-5.865398e-02
+1.433800e-01
-1.557665e-01
+8.933261e-02
+2.244461e-02
-1.227926e-01
+1.604020e-01
-1.157697e-01
+1.156345e-02
+9.861568e-02
-1.576574e-01
+1.346151e-01
-4.119331e-02
-7.385778e-02
+1.499568e-01
-1.466098e-01
+6.522675e-02
+5.104102e-02
-1.398767e-01
+1.531569e-01
-8.328230e-02
-3.204754e-02
+1.297919e-01
-1.559248e-01
+9.554628e-02
+1.814607e-02
-1.216543e-01
+1.564834e-01
-1.024400e-01
-1.013785e-02
+1.168870e-01
-1.560093e-01
+1.042932e-01
+8.542225e-03
-1.163388e-01
+1.550525e-01
-1.010744e-01
-1.373884e-02
+1.202259e-01
-1.533428e-01
+9.221918e-02
+2.598408e-02
-1.279885e-01
+1.496227e-01
-7.661162e-02
-4.521990e-02
+1.380198e-01
-1.415418e-01
+5.281200e-02
+7.060241e-02
-1.472905e-01
+1.257406e-01
-1.966948e-02
-9.972744e-02
+1.510248e-01
-9.837097e-02
-2.253566e-02
+1.276801e-01
-1.427961e-01
+5.640365e-02
+7.041295e-02
-1.463492e-01
+1.156582e-01

eigenvalue = -3.454059e+00:
-1.108520e-01
+1.611811e-01
-1.234902e-01
+1.833850e-02
+9.683611e-02
-1.590516e-01
+1.342161e-01
-3.585584e-02
-8.216705e-02
+1.550779e-01
-1.427344e-01
+5.180821e-02
+6.768654e-02
-1.497925e-01
+1.490019e-01
-6.558746e-02
-5.427364e-02
+1.439068e-01
-1.531987e-01
+7.674573e-02
+4.277566e-02
-1.382252e-01
+1.556627e-01
-8.497981e-02
-3.396224e-02
+1.335541e-01
-1.567931e-01
+9.007690e-02
+2.850693e-02
-1.306141e-01
+1.569345e-01
-9.183114e-02
-2.698971e-02
+1.299558e-01
-1.562493e-01
+8.994657e-02
+2.990356e-02
-1.318682e-01
+1.545849e-01
-8.394810e-02
-3.763741e-02
+1.362643e-01
-1.513398e-01
+7.313013e-02
+5.039910e-02
-1.425245e-01
+1.453485e-01
-5.658644e-02
-6.803630e-02
+1.492907e-01
-1.348197e-01
+3.338332e-02
+8.971803e-02
-1.542357e-01
+1.174124e-01
-2.955353e-03
-1.134683e-01
+1.538976e-01
-9.058093e-02
-3.420225e-02
+1.356213e-01
-1.437701e-01
+5.237054e-02
+7.554047e-02
-1.504209e-01
+1.189642e-01
-2.814237e-03
-1.153535e-01
+1.502206e-01
-7.582404e-02
-5.412504e-02
+1.441286e-01
-1.269765e-01
+1.471936e-02
+1.086450e-01
-1.494091e-01
+7.572144e-02
+5.641259e-02
-1.446708e-01
+1.195436e-01

eigenvalue = -3.396802e+00:
-1.152169e-01
+1.609308e-01
-1.095470e-01
-7.952951e-03
+1.206508e-01
-1.604574e-01
+1.032562e-01
+1.642168e-02
-1.261540e-01
+1.594011e-01
-9.589036e-02
-2.590340e-02
+1.319301e-01
-1.575273e-01
+8.692777e-02
+3.685168e-02
-1.380428e-01
+1.544466e-01
-7.578174e-02
-4.963695e-02
+1.443582e-01
-1.495770e-01
+6.181274e-02
+6.448284e-02
-1.504672e-01
+1.421067e-01
-4.436721e-02
-8.136690e-02
+1.555899e-01
-1.309754e-01
+2.286518e-02
+9.987459e-02
-1.584732e-01
+1.149052e-01
+3.034773e-03
-1.190025e-01
+1.573115e-01
-9.252442e-02
-3.316414e-02
+1.369261e-01
-1.497466e-01
+6.264852e-02
+6.644996e-02
-1.507843e-01
+1.330425e-01
-2.478414e-02
-1.004223e-01
+1.566014e-01
-1.045706e-01
-2.010392e-02
+1.307367e-01
-1.495523e-01
+6.274931e-02
+6.862023e-02
-1.509737e-01
+1.248582e-01
-8.508656e-03
-1.140267e-01
+1.531652e-01
-7.959891e-02
-5.290018e-02
+1.459895e-01
-1.296349e-01
+1.547950e-02
+1.104291e-01
-1.519492e-01
+7.659312e-02
+5.806491e-02
-1.474677e-01
+1.211657e-01
+8.460185e-04
-1.221849e-01
+1.456868e-01
-5.172808e-02
-8.422633e-02
+1.513229e-01
-9.383739e-02
-4.145029e-02
+1.421260e-01
-1.232731e-01

eigenvalue = -3.337546e+00:
-1.193823e-01
+1.596747e-01
-9.416557e-02
-3.375621e-02
+1.392955e-01
-1.524251e-01
+6.437102e-02
+6.644614e-02
-1.530837e-01
+1.378379e-01
-3.075548e-02
-9.684279e-02
+1.597558e-01
-1.158091e-01
-5.720744e-03
+1.234118e-01
-1.581443e-01
+8.637196e-02
+4.368419e-02
-1.442007e-01
+1.469929e-01
-4.993905e-02
-8.111816e-02
+1.568032e-01
-1.251718e-01
+7.638803e-03
+1.151513e-01
-1.584603e-01
+9.206278e-02
+3.827228e-02
-1.419412e-01
+1.463830e-01
-4.814107e-02
-8.398972e-02
+1.567816e-01
-1.183946e-01
-4.269992e-03
+1.238832e-01
-1.546131e-01
+7.395815e-02
+6.019970e-02
-1.506220e-01
+1.311400e-01
-1.554439e-02
-1.114954e-01
+1.560716e-01
-8.467369e-02
-4.994375e-02
+1.470911e-01
-1.333403e-01
+1.855566e-02
+1.103603e-01
-1.547968e-01
+8.011901e-02
+5.653609e-02
-1.492220e-01
+1.252240e-01
-2.768141e-03
-1.218763e-01
+1.496176e-01
-5.772041e-02
-8.059783e-02
+1.537184e-01
-1.017600e-01
-3.349181e-02
+1.411650e-01
-1.318922e-01
+1.268681e-02
+1.171583e-01
-1.481374e-01
+5.332355e-02
+8.705717e-02
-1.525700e-01
+8.603193e-02
+5.544956e-02
-1.483135e-01
+1.102844e-01
+2.571831e-02
-1.387217e-01
+1.268393e-01

eigenvalue = -3.276383e+00:
+1.233455e-01
-1.574313e-01
+7.757326e-02
+5.844476e-02
-1.521355e-01
+1.355935e-01
-2.074775e-02
-1.091502e-01
+1.597990e-01
-9.432138e-02
-3.976821e-02
+1.448975e-01
-1.443814e-01
+3.845878e-02
+9.558053e-02
-1.596367e-01
+1.066199e-01
+2.472302e-02
-1.378707e-01
+1.493563e-01
-5.048875e-02
-8.576173e-02
+1.583719e-01
-1.131892e-01
-1.638339e-02
+1.337105e-01
-1.508383e-01
+5.462698e-02
+8.274525e-02
-1.575900e-01
+1.129956e-01
+1.750195e-02
-1.346519e-01
+1.487781e-01
-4.869250e-02
-8.890064e-02
+1.577736e-01
-1.042488e-01
-3.044822e-02
+1.413477e-01
-1.413482e-01
+3.001295e-02
+1.050575e-01
-1.567048e-01
+8.339787e-02
+5.669219e-02
-1.511878e-01
+1.235557e-01
+4.330591e-03
-1.286870e-01
+1.476646e-01
-4.515480e-02
-9.468221e-02
+1.558714e-01
-8.695031e-02
-5.491173e-02
+1.504771e-01
-1.185257e-01
-1.438576e-02
+1.349793e-01
-1.393838e-01
+2.316537e-02
+1.132090e-01
-1.505423e-01
+5.544495e-02
+8.869936e-02
-1.539369e-01
+8.145242e-02
+6.432375e-02
-1.518850e-01
+1.011813e-01
+4.217396e-02
-1.466808e-01
+1.152625e-01
+2.361202e-02
-1.403397e-01
+1.246280e-01
+9.422326e-03
-1.344702e-01
+1.302352e-01

eigenvalue = -3.213409e+00:
+1.271035e-01
-1.542237e-01
+6.000944e-02
+8.142834e-02
-1.587657e-01
+1.110681e-01
+2.414696e-02
-1.403232e-01
+1.457803e-01
-3.611796e-02
-1.020920e-01
+1.595266e-01
-9.060372e-02
-5.017070e-02
+1.511066e-01
-1.318879e-01
+7.640879e-03
+1.227006e-01
-1.550120e-01
+6.326016e-02
+7.921576e-02
-1.580501e-01
+1.096489e-01
+2.721135e-02
-1.420702e-01
+1.417945e-01
-2.633216e-02
-1.105743e-01
+1.572007e-01
-7.513696e-02
-6.860557e-02
+1.558714e-01
-1.144483e-01
-2.174782e-02
+1.398794e-01
-1.414539e-01
+2.477667e-02
+1.126821e-01
-1.553061e-01
+6.676685e-02
+7.836118e-02
-1.568318e-01
+1.013984e-01
+4.093797e-02
-1.480529e-01
+1.272870e-01
+3.864671e-03
-1.316511e-01
+1.443241e-01
-3.026923e-02
-1.104786e-01
+1.533756e-01
-5.982599e-02
-8.718563e-02
+1.559305e-01
-8.404865e-02
-6.398846e-02
+1.537711e-01
-1.028881e-01
-4.257276e-02
+1.487064e-01
-1.167846e-01
-2.410451e-02
+1.423878e-01
-1.264472e-01
-9.312327e-03
+1.362012e-01
-1.326584e-01
+1.394274e-03
+1.312195e-01
-1.361173e-01
+7.800776e-03
+1.281926e-01
-1.373206e-01
+9.780489e-03
+1.275492e-01
-1.364777e-01
+7.221308e-03
+1.293894e-01
-1.334539e-01

eigenvalue = -3.148721e+00:
+1.306534e-01
-1.500793e-01
+4.172293e-02
+1.021656e-01
-1.590204e-01
+8.035295e-02
+6.682748e-02
-1.569943e-01
+1.131323e-01
+2.738606e-02
-1.444869e-01
+1.379228e-01
-1.319120e-02
-1.228548e-01
+1.533995e-01
-5.204329e-02
-9.412398e-02
+1.591290e-01
-8.670622e-02
-6.072041e-02
+1.555315e-01
-1.153284e-01
-2.517835e-02
+1.437438e-01
-1.367882e-01
+1.013013e-02
+1.254125e-01
-1.507104e-01
+4.320942e-02
+1.024595e-01
-1.573931e-01
+7.257780e-02
+7.685330e-02
-1.576717e-01
+9.732236e-02
+5.041827e-02
-1.527491e-01
+1.170797e-01
+2.469913e-02
-1.440207e-01
+1.319600e-01
+8.878636e-04
-1.329202e-01
+1.424356e-01
-2.019113e-02
-1.207996e-01
+1.492163e-01
-3.804851e-02
-1.088495e-01
+1.531278e-01
-5.246468e-02
-9.806026e-02
+1.550051e-01
-6.340651e-02
-8.921389e-02
+1.556052e-01
-7.093913e-02
-8.289816e-02
+1.555399e-01
-7.514302e-02
-7.952927e-02
+1.552239e-01
-7.604378e-02
-7.937129e-02
+1.548315e-01
-7.356063e-02
-8.254047e-02
+1.542582e-01
-6.747993e-02
-8.898429e-02
+1.530838e-01
-5.746166e-02
-9.842689e-02
+1.505405e-01
-4.309077e-02
-1.102771e-01
+1.454977e-01
-2.398850e-02
-1.235027e-01
+1.364888e-01

eigenvalue = -3.082418e+00:
-1.339917e-01
+1.450299e-01
-2.296914e-02
-1.201756e-01
+1.529761e-01
-4.526271e-02
-1.040450e-01
+1.576886e-01
-6.625541e-02
-8.617708e-02
+1.592066e-01
-8.541698e-02
-6.721846e-02
+1.577426e-01
-1.023468e-01
-4.783801e-02
+1.536609e-01
-1.167952e-01
-2.868165e-02
+1.474462e-01
-1.286694e-01
-1.033427e-02
+1.396648e-01
-1.380262e-01
+6.707809e-03
+1.309253e-01
-1.450513e-01
+2.205158e-02
+1.218410e-01
-1.500300e-01
+3.540909e-02
+1.129992e-01
-1.533123e-01
+4.658712e-02
+1.049377e-01
-1.552753e-01
+5.546717e-02
+9.813009e-02
-1.562856e-01
+6.197853e-02
+9.297755e-02
-1.566636e-01
+6.606773e-02
+8.980547e-02
-1.566499e-01
+6.766798e-02
+8.886080e-02
-1.563729e-01
+6.667183e-02
+9.030581e-02
-1.558179e-01
+6.291143e-02
+9.420343e-02
-1.547959e-01
+5.615089e-02
+1.004894e-01
-1.529145e-01
+4.609723e-02
+1.089269e-01
-1.495536e-01
+3.243768e-02
+1.190416e-01
-1.438542e-01
+1.491303e-02
+1.300396e-01
-1.347353e-01
-6.563254e-03
+1.407168e-01
-1.209579e-01
-3.173319e-02
+1.493816e-01
-1.012666e-01
-5.977210e-02
+1.538279e-01
-7.463662e-02
-8.903708e-02
+1.514159e-01
-4.065057e-02
-1.168388e-01
+1.393339e-01

eigenvalue = -3.014601e+00:
-1.371155e-01
+1.391123e-01
-4.006898e-03
-1.350483e-01
+1.409448e-01
-7.820201e-03
-1.330211e-01
+1.425352e-01
-1.124776e-02
-1.311579e-01
+1.438210e-01
-1.410000e-02
-1.295925e-01
+1.447503e-01
-1.619023e-02
-1.284624e-01
+1.452753e-01
-1.733433e-02
-1.279019e-01
+1.453444e-01
-1.734949e-02
-1.280331e-01
+1.448908e-01
-1.605278e-02
-1.289560e-01
+1.438206e-01
-1.326006e-02
-1.307353e-01
+1.419988e-01
-8.786450e-03
-1.333853e-01
+1.392351e-01
-2.450077e-03
-1.368509e-01
+1.352712e-01
+5.918680e-03
-1.409840e-01
+1.297696e-01
+1.645981e-02
-1.455158e-01
+1.223091e-01
+2.925498e-02
-1.500249e-01
+1.123906e-01
+4.428418e-02
-1.539044e-01
+9.945848e-02
+6.136529e-02
-1.563324e-01
+8.294736e-02
+8.007549e-02
-1.562559e-01
+6.236246e-02
+9.965777e-02
-1.524023e-01
+3.740325e-02
+1.189224e-01
-1.433395e-01
+8.136603e-03
+1.361633e-01
-1.276100e-01
-2.478318e-02
+1.491250e-01
-1.039664e-01
-5.986697e-02
+1.550696e-01
-7.172831e-02
-9.456300e-02
+1.510108e-01
-3.125744e-02
-1.251330e-01
+1.341817e-01
+1.549701e-02
-1.467583e-01
+1.027820e-01
+6.450528e-02
-1.540323e-01
+5.697737e-02
+1.094317e-01
-1.419833e-01

eigenvalue = -2.945375e+00:
-1.400214e-01
+1.323675e-01
+1.490467e-02
-1.464529e-01
+1.234590e-01
+2.985541e-02
-1.516426e-01
+1.132206e-01
+4.488272e-02
-1.555131e-01
+1.015429e-01
+5.998507e-02
-1.579222e-01
+8.829373e-02
+7.511090e-02
-1.586578e-01
+7.333259e-02
+9.013849e-02
-1.574345e-01
+5.653058e-02
+1.048535e-01
-1.538945e-01
+3.779644e-02
+1.189246e-01
-1.476146e-01
+1.711123e-02
+1.318789e-01
-1.381229e-01
-5.427051e-03
+1.430796e-01
-1.249302e-01
-2.954839e-02
+1.517116e-01
-1.075807e-01
-5.474619e-02
+1.567810e-01
-8.572841e-02
-8.020743e-02
+1.571413e-01
-5.924282e-02
-1.047465e-01
+1.515582e-01
-2.834592e-02
-1.267578e-01
+1.388288e-01
+6.224594e-03
-1.442115e-01
+1.179709e-01
+4.304158e-02
-1.547236e-01
+8.849130e-02
+7.983630e-02
-1.557408e-01
+5.072763e-02
+1.134205e-01
-1.448792e-01
+6.232532e-03
+1.397587e-01
-1.204425e-01
-4.187087e-02
+1.542826e-01
-8.210915e-02
-8.868527e-02
+1.525377e-01
-3.171300e-02
-1.276625e-01
+1.312124e-01
+2.606120e-02
-1.512583e-01
+8.949443e-02
+8.336189e-02
-1.522904e-01
+3.052762e-02
+1.296291e-01
-1.260278e-01
-3.749773e-02
+1.532244e-01
-7.274062e-02
-1.013202e-01
+1.444316e-01

eigenvalue = -2.874845e+00:
+1.427067e-01
-1.248407e-01
-3.350943e-02
+1.541448e-01
-1.012493e-01
-6.566377e-02
+1.586049e-01
-7.279474e-02
-9.509829e-02
+1.556975e-01
-4.051956e-02
-1.204360e-01
+1.452215e-01
-5.675136e-03
-1.402990e-01
+1.272122e-01
+3.024904e-02
-1.533423e-01
+1.020085e-01
+6.550383e-02
-1.583158e-01
+7.033762e-02
+9.807851e-02
-1.541641e-01
+3.340760e-02
+1.257333e-01
-1.401660e-01
-7.003269e-03
+1.460836e-01
-1.161159e-01
-4.848225e-02
+1.567550e-01
-8.253770e-02
-8.797224e-02
+1.556247e-01
-4.091110e-02
-1.218542e-01
+1.411581e-01
+6.129533e-03
-1.461653e-01
+1.128312e-01
+5.468262e-02
-1.569945e-01
+7.160230e-02
+9.963568e-02
-1.510801e-01
+2.035468e-02
+1.349862e-01
-1.265960e-01
-3.581632e-02
+1.545179e-01
-8.404882e-02
-8.964802e-02
+1.528815e-01
-2.711275e-02
-1.322872e-01
+1.270360e-01
+3.687746e-02
-1.545710e-01
+7.784593e-02
+9.714639e-02
-1.490601e-01
+1.142496e-02
+1.407928e-01
-1.126228e-01
-6.039646e-02
+1.554356e-01
-4.899854e-02
-1.212027e-01
+1.330444e-01
+2.965017e-02
-1.532884e-01
+7.417418e-02
+1.034590e-01
-1.430973e-01
-8.941808e-03
+1.489520e-01
-8.771708e-02
-9.254813e-02
+1.466738e-01

eigenvalue = -2.803117e+00:
+1.451683e-01
-1.165816e-01
-5.155742e-02
+1.579706e-01
-7.521512e-02
-9.763568e-02
+1.534941e-01
-2.535142e-02
-1.331957e-01
+1.319121e-01
+2.775754e-02
-1.540766e-01
+9.513862e-02
+7.828185e-02
-1.574235e-01
+4.679796e-02
+1.202957e-01
-1.420848e-01
-7.939148e-03
+1.483517e-01
-1.089435e-01
-6.268797e-02
+1.581331e-01
-6.112395e-02
-1.103850e-01
+1.471472e-01
-4.001164e-03
-1.440449e-01
+1.153830e-01
+5.507641e-02
-1.577270e-01
+6.582121e-02
+1.074331e-01
-1.476446e-01
+4.639292e-03
+1.441353e-01
-1.132790e-01
-5.906811e-02
+1.574675e-01
-5.827054e-02
-1.142220e-01
+1.426879e-01
+9.217723e-03
-1.494414e-01
+9.977705e-02
+7.700764e-02
-1.554142e-01
+3.472670e-02
+1.305733e-01
-1.276465e-01
-4.021784e-02
+1.559602e-01
-6.896740e-02
-1.079532e-01
+1.436716e-01
+9.128276e-03
-1.499119e-01
+9.270949e-02
+8.733903e-02
-1.512683e-01
+1.339701e-02
+1.424084e-01
-1.069089e-01
-7.271644e-02
+1.539595e-01
-2.614527e-02
-1.373014e-01
+1.129292e-01
+6.650340e-02
-1.542746e-01
+2.859264e-02
+1.368035e-01
-1.114389e-01
-6.993333e-02
+1.530115e-01
-2.015712e-02
-1.412593e-01
+1.016918e-01
+8.316353e-02
-1.487050e-01

eigenvalue = -2.730301e+00:
+1.474038e-01
-1.076435e-01
-6.880808e-02
+1.578705e-01
-4.638867e-02
-1.240371e-01
+1.368029e-01
+2.438521e-02
-1.545520e-01
+8.800721e-02
+9.061556e-02
-1.537660e-01
+2.083621e-02
+1.386835e-01
-1.210812e-01
-5.129592e-02
+1.580422e-01
-6.238210e-02
-1.132547e-01
+1.435342e-01
+1.061921e-02
-1.511110e-01
+9.695045e-02
+8.226223e-02
-1.552212e-01
+2.739932e-02
+1.359172e-01
-1.228843e-01
-4.984565e-02
+1.576893e-01
-5.990724e-02
-1.161326e-01
+1.401877e-01
+1.957056e-02
-1.536180e-01
+8.544635e-02
+9.543607e-02
-1.501650e-01
+5.967187e-03
+1.461530e-01
-1.037925e-01
-7.700149e-02
+1.548510e-01
-2.517645e-02
-1.383219e-01
+1.155201e-01
+6.327164e-02
-1.564017e-01
+3.721793e-02
+1.326264e-01
-1.214411e-01
-5.597368e-02
+1.565516e-01
-4.159976e-02
-1.307935e-01
+1.220425e-01
+5.624906e-02
-1.561576e-01
+3.777645e-02
+1.335801e-01
-1.170064e-01
-6.471999e-02
+1.547918e-01
-2.491473e-02
-1.404851e-01
+1.048945e-01
+8.129100e-02
-1.503567e-01
+2.022895e-03
+1.492464e-01
-8.315196e-02
-1.044924e-01
+1.388224e-01
+3.129902e-02
-1.551493e-01
+4.875278e-02
+1.302750e-01
-1.144612e-01
-7.321881e-02
+1.505211e-01

eigenvalue = -2.656507e+00:
-1.494108e-01
+9.808354e-02
+8.503328e-02
-1.538793e-01
+1.589571e-02
+1.434588e-01
-1.098806e-01
-7.152661e-02
+1.566639e-01
-3.084076e-02
-1.365342e-01
+1.198469e-01
+5.851151e-02
-1.578833e-01
+4.396083e-02
+1.293996e-01
-1.276503e-01
-4.700202e-02
+1.579272e-01
-5.450589e-02
-1.229745e-01
+1.331730e-01
+3.800150e-02
-1.573553e-01
+6.184969e-02
+1.182235e-01
-1.364190e-01
-3.245291e-02
+1.567550e-01
-6.543455e-02
-1.160408e-01
+1.373670e-01
+3.121830e-02
-1.565666e-01
+6.467224e-02
+1.171275e-01
-1.357832e-01
-3.506798e-02
+1.568760e-01
-5.883028e-02
-1.218402e-01
+1.310150e-01
+4.463420e-02
-1.571730e-01
+4.695641e-02
+1.299690e-01
-1.218028e-01
-6.025696e-02
+1.560719e-01
-2.792664e-02
-1.403981e-01
+1.061843e-01
+8.162788e-02
-1.510366e-01
+7.468444e-04
+1.506324e-01
-8.163837e-02
-1.071431e-01
+1.382447e-01
+3.472121e-02
-1.562766e-01
+4.571779e-02
+1.329589e-01
-1.128982e-01
-7.646091e-02
+1.507860e-01
+2.496482e-03
-1.519979e-01
+7.051026e-02
+1.184989e-01
-1.261807e-01
-5.989744e-02
+1.536722e-01
-9.785362e-03
-1.492899e-01
+7.579717e-02
+1.162106e-01
-1.258361e-01
-6.277020e-02
+1.521180e-01

eigenvalue = -2.581846e+00:
-1.511872e-01
+8.796198e-02
+1.000202e-01
-1.461241e-01
-1.508753e-02
+1.548884e-01
-7.482125e-02
-1.114936e-01
+1.394215e-01
+3.080198e-02
-1.572262e-01
+5.995460e-02
+1.226707e-01
-1.305402e-01
-4.769131e-02
+1.578803e-01
-4.263075e-02
-1.335452e-01
+1.186849e-01
+6.612144e-02
-1.561496e-01
+2.210975e-02
+1.436929e-01
-1.028205e-01
-8.612382e-02
+1.508803e-01
+2.221042e-03
-1.521109e-01
+8.174009e-02
+1.071701e-01
-1.404214e-01
-3.060838e-02
+1.570365e-01
-5.424650e-02
-1.278628e-01
+1.226747e-01
+6.254297e-02
-1.558026e-01
+1.953766e-02
+1.455670e-01
-9.536065e-02
-9.618990e-02
+1.448630e-01
+2.210810e-02
-1.560956e-01
+5.667116e-02
+1.276909e-01
-1.202197e-01
-6.829579e-02
+1.537092e-01
-6.497046e-03
-1.505728e-01
+7.859333e-02
+1.132557e-01
-1.319068e-01
-5.171037e-02
+1.558152e-01
-1.966029e-02
-1.468960e-01
+8.564697e-02
+1.088112e-01
-1.335306e-01
-5.067533e-02
+1.553520e-01
-1.546932e-02
-1.488416e-01
+7.736745e-02
+1.170593e-01
-1.248530e-01
-6.706393e-02
+1.513524e-01
+8.072126e-03
-1.544547e-01
+5.043385e-02
+1.356333e-01
-1.002807e-01
-9.935597e-02
+1.356443e-01
+5.187748e-02
-1.534922e-01

eigenvalue = -2.506433e+00:
+1.527310e-01
-7.734222e-02
-1.135742e-01
+1.348210e-01
+4.537860e-02
-1.577590e-01
+3.429934e-02
+1.404527e-01
-1.050867e-01
-8.755767e-02
+1.490952e-01
+1.273838e-02
-1.554764e-01
+6.499879e-02
+1.230443e-01
-1.262576e-01
-6.033491e-02
+1.561487e-01
-1.681620e-02
-1.478638e-01
+8.944562e-02
+1.040686e-01
-1.402301e-01
-3.587807e-02
+1.576125e-01
-4.018857e-02
-1.382949e-01
+1.063841e-01
+8.759652e-02
-1.479388e-01
-1.774878e-02
+1.562775e-01
-5.529758e-02
-1.305675e-01
+1.156700e-01
+7.738760e-02
-1.510400e-01
-8.774846e-03
+1.550011e-01
-6.073956e-02
-1.279437e-01
+1.173393e-01
+7.640617e-02
-1.506508e-01
-1.122505e-02
+1.554694e-01
-5.497459e-02
-1.322557e-01
+1.103423e-01
+8.646970e-02
-1.458963e-01
-2.704254e-02
+1.568053e-01
-3.558533e-02
-1.427376e-01
+9.141979e-02
+1.073637e-01
-1.325007e-01
-5.724517e-02
+1.538986e-01
+4.167768e-04
-1.540506e-01
+5.503547e-02
+1.345020e-01
-1.021595e-01
-9.921168e-02
+1.359363e-01
+5.362077e-02
-1.536441e-01
-3.683366e-03
+1.548217e-01
-4.498499e-02
-1.409258e-01
+8.773863e-02
+1.147993e-01
-1.212713e-01
-8.007395e-02
+1.437332e-01
+4.060358e-02
-1.546404e-01

eigenvalue = -2.430380e+00:
-1.540408e-01
+6.629026e-02
+1.255209e-01
-1.202689e-01
-7.383287e-02
+1.519748e-01
+8.634388e-03
-1.556748e-01
+5.798532e-02
+1.308980e-01
-1.138225e-01
-8.243585e-02
+1.488489e-01
+1.933275e-02
-1.570249e-01
+4.690145e-02
+1.372970e-01
-1.044794e-01
-9.362098e-02
+1.434843e-01
+3.405512e-02
-1.575686e-01
+3.085339e-02
+1.449119e-01
-9.004009e-02
-1.083047e-01
+1.338625e-01
+5.441131e-02
-1.556546e-01
+7.591355e-03
+1.526478e-01
-6.769832e-02
-1.261533e-01
+1.167574e-01
+8.104613e-02
-1.478551e-01
-2.471372e-02
+1.572022e-01
-3.429341e-02
-1.444305e-01
+8.764805e-02
+1.123226e-01
-1.284397e-01
-6.609383e-02
+1.520095e-01
+1.240109e-02
-1.563468e-01
+4.172752e-02
+1.420514e-01
-8.986769e-02
-1.119349e-01
+1.269486e-01
+7.037864e-02
-1.497052e-01
-2.258238e-02
+1.568213e-01
-2.617122e-02
-1.487977e-01
+7.113767e-02
+1.276172e-01
-1.085558e-01
-9.628846e-02
+1.358929e-01
+5.835454e-02
-1.518999e-01
-1.743405e-02
+1.565095e-01
-2.315381e-02
-1.506241e-01
+6.065428e-02
+1.358444e-01
-9.302576e-02
-1.141834e-01
+1.189824e-01
+8.780227e-02
-1.379517e-01
-5.879215e-02
+1.499725e-01
+2.901424e-02
-1.555598e-01

eigenvalue = -2.353803e+00:
-1.551153e-01
+5.487441e-02
+1.357089e-01
-1.028421e-01
-9.938575e-02
+1.379105e-01
+5.078174e-02
-1.557824e-01
+3.954699e-03
+1.543954e-01
-5.799201e-02
-1.341450e-01
+1.047169e-01
+9.777018e-02
-1.385781e-01
-4.992885e-02
+1.557561e-01
-3.462979e-03
-1.545736e-01
+5.602540e-02
+1.356056e-01
-1.017244e-01
-1.014912e-01
+1.355866e-01
+5.649604e-02
-1.542296e-01
-5.901789e-03
+1.561537e-01
-4.468106e-02
-1.417773e-01
+8.998028e-02
+1.132368e-01
-1.256255e-01
-7.400295e-02
+1.485483e-01
+2.837991e-02
-1.571877e-01
+1.903405e-02
+1.515007e-01
-6.385512e-02
-1.328016e-01
+1.023345e-01
+1.034738e-01
-1.316536e-01
-6.660626e-02
+1.500798e-01
+2.560816e-02
-1.569846e-01
+1.615159e-02
+1.527477e-01
-5.564353e-02
-1.385756e-01
+9.039417e-02
+1.162691e-01
-1.186118e-01
-8.797559e-02
+1.392253e-01
+5.595327e-02
-1.518495e-01
-2.236970e-02
+1.566955e-01
-1.085265e-02
-1.544454e-01
+4.213845e-02
+1.461134e-01
-7.031118e-02
-1.329073e-01
+9.460062e-02
+1.161053e-01
-1.146161e-01
-9.695361e-02
+1.302955e-01
+7.659201e-02
-1.418416e-01
-5.600427e-02
+1.496524e-01
+3.599351e-02
-1.542554e-01
-1.717760e-02
+1.562480e-01

eigenvalue = -2.276818e+00:
-1.559535e-01
+4.316479e-02
+1.440113e-01
-8.298031e-02
-1.210915e-01
+1.163852e-01
+8.903360e-02
-1.408651e-01
-5.038314e-02
+1.546566e-01
+8.160733e-03
-1.568780e-01
+3.440512e-02
+1.475756e-01
-7.415453e-02
-1.276840e-01
+1.082542e-01
+9.890942e-02
-1.344130e-01
-6.355040e-02
+1.510363e-01
+2.427883e-02
-1.573094e-01
+1.609634e-02
+1.532069e-01
-5.485814e-02
-1.394342e-01
+8.958286e-02
+1.173123e-01
-1.182977e-01
-8.862219e-02
+1.395847e-01
+5.542901e-02
-1.526284e-01
-1.990174e-02
+1.572086e-01
-1.585304e-02
-1.536472e-01
+4.993134e-02
+1.427191e-01
-8.073749e-02
-1.255410e-01
+1.070512e-01
+1.034495e-01
-1.280565e-01
-7.788208e-02
+1.433362e-01
+5.026890e-02
-1.528383e-01
-2.194333e-02
+1.568223e-01
-5.925494e-03
-1.557925e-01
+3.237656e-02
+1.504275e-01
-5.667865e-02
-1.415106e-01
+7.833235e-02
+1.298676e-01
-9.705641e-02
-1.163143e-01
+1.127627e-01
+1.016161e-01
-1.255240e-01
-8.645979e-02
+1.355385e-01
+7.143709e-02
-1.430944e-01
-5.703818e-02
+1.485361e-01
+4.365381e-02
-1.522351e-01
-3.158354e-02
+1.545648e-01
+2.104830e-02
-1.558800e-01
-1.220530e-02
+1.565012e-01
+5.163766e-03
-1.567026e-01

eigenvalue = -2.199540e+00:
-1.565548e-01
+3.123304e-02
+1.503273e-01
-6.117785e-02
-1.381572e-01
+8.861418e-02
+1.205966e-01
-1.124529e-01
-9.843199e-02
+1.317903e-01
+7.263669e-02
-1.459493e-01
-4.431474e-02
+1.545065e-01
+1.463837e-02
-1.573020e-01
+1.521529e-02
+1.544335e-01
-4.412441e-02
-1.462358e-01
+7.107548e-02
+1.332477e-01
-9.520639e-02
-1.161693e-01
+1.158372e-01
+9.581376e-02
-1.324879e-01
-7.305730e-02
+1.448833e-01
+4.879009e-02
-1.529457e-01
-2.387181e-02
+1.567776e-01
-9.061313e-04
-1.566367e-01
+2.485009e-02
+1.529053e-01
-4.738467e-02
-1.460574e-01
+6.806408e-02
+1.366254e-01
-8.657514e-02
-1.251694e-01
+1.027328e-01
+1.122486e-01
-1.164697e-01
-9.839889e-02
+1.278219e-01
+8.411494e-02
-1.369107e-01
-6.983783e-02
+1.439247e-01
+5.594805e-02
-1.491002e-01
-4.276324e-02
+1.527041e-01
+3.053983e-02
-1.550172e-01
-1.947800e-02
+1.563203e-01
+9.728912e-03
-1.568822e-01
-1.403368e-03
+1.569500e-01
-5.418709e-03
-1.567411e-01
+1.067887e-02
+1.564369e-01
-1.433130e-02
-1.561771e-01
+1.633521e-02
+1.560553e-01
-1.664880e-02
-1.561138e-01
+1.522552e-02
+1.563390e-01
-1.201306e-02
-1.566559e-01
+6.955562e-03
+1.569221e-01

eigenvalue = -2.122087e+00:
+1.569190e-01
-1.915183e-02
-1.545837e-01
+3.797153e-02
+1.499710e-01
-5.613822e-02
-1.431942e-01
+7.335306e-02
+1.344176e-01
-8.934888e-02
-1.238497e-01
+1.038983e-01
+1.117352e-01
-1.168203e-01
-9.834534e-02
+1.279838e-01
+8.396858e-02
-1.373106e-01
-6.889989e-02
+1.447747e-01
+5.343133e-02
-1.504001e-01
-3.784312e-02
+1.542575e-01
+2.239586e-02
-1.564584e-01
-7.324383e-03
+1.571491e-01
-7.166935e-03
-1.565038e-01
+2.090699e-02
+1.547169e-01
-3.375914e-02
-1.519962e-01
+4.562079e-02
+1.485559e-01
-5.642148e-02
-1.446108e-01
+6.611983e-02
+1.403704e-01
-7.469941e-02
-1.360353e-01
+8.216394e-02
+1.317929e-01
-8.853192e-02
-1.278154e-01
+9.383106e-02
+1.242578e-01
-9.809258e-02
-1.212562e-01
+1.013456e-01
+1.189274e-01
-1.036116e-01
-1.173677e-01
+1.048999e-01
+1.166519e-01
-1.052024e-01
-1.168321e-01
+1.044904e-01
+1.179347e-01
-1.027111e-01
-1.199579e-01
+9.978603e-02
+1.228664e-01
-9.561023e-02
-1.265858e-01
+9.005393e-02
+1.309950e-01
-8.296640e-02
-1.359170e-01
+7.418317e-02
+1.411094e-01
-6.353737e-02
-1.462539e-01
+5.087618e-02
+1.509471e-01
-3.608319e-02
-1.546937e-01
+1.910755e-02
+1.569048e-01

eigenvalue = -2.044576e+00:
-1.570459e-01
+6.994462e-03
+1.567352e-01
-1.392731e-02
-1.561229e-01
+2.073789e-02
+1.552269e-01
-2.736743e-02
-1.540737e-01
+3.375985e-02
+1.526975e-01
-3.986244e-02
-1.511393e-01
+4.562633e-02
+1.494463e-01
-5.100676e-02
-1.476701e-01
+5.596312e-02
+1.458664e-01
-6.045877e-02
-1.440929e-01
+6.446051e-02
+1.424083e-01
-6.793795e-02
-1.408711e-01
+7.086255e-02
+1.395376e-01
-7.320650e-02
-1.384613e-01
+7.494147e-02
+1.376907e-01
-7.603720e-02
-1.372682e-01
+7.646007e-02
+1.372278e-01
-7.617168e-02
-1.375940e-01
+7.512755e-02
+1.383788e-01
-7.327600e-02
-1.395798e-01
+7.055741e-02
+1.411772e-01
-6.690397e-02
-1.431304e-01
+6.224011e-02
+1.453742e-01
-5.648390e-02
-1.478152e-01
+4.954963e-02
+1.503266e-01
-4.135193e-02
-1.527439e-01
+3.181182e-02
+1.548605e-01
-2.086494e-02
-1.564237e-01
+8.472441e-03
+1.571320e-01
+5.365241e-03
-1.566352e-01
-2.059159e-02
+1.545370e-01
+3.707432e-02
-1.504033e-01
-5.458329e-02
+1.437766e-01
+7.276713e-02
-1.341993e-01
-9.113056e-02
+1.212465e-01
+1.090152e-01
-1.045721e-01
-1.255878e-01
+8.396551e-02
+1.398417e-01
-5.942153e-02
-1.506173e-01
+3.121864e-02
+1.566497e-01

eigenvalue = -1.967123e+00:
-1.569361e-01
-5.165582e-03
+1.567655e-01
+1.037334e-02
-1.564181e-01
-1.566491e-02
+1.558816e-01
+2.108089e-02
-1.551372e-01
-2.666017e-02
+1.541591e-01
+3.243923e-02
-1.529146e-01
-3.845132e-02
+1.513632e-01
+4.472540e-02
-1.494565e-01
-5.128491e-02
+1.471373e-01
+5.814630e-02
-1.443393e-01
-6.531722e-02
+1.409873e-01
+7.279435e-02
-1.369963e-01
-8.056095e-02
+1.322726e-01
+8.858393e-02
-1.267139e-01
-9.681052e-02
+1.202111e-01
+1.051646e-01
-1.126502e-01
-1.135426e-01
+1.039159e-01
+1.218096e-01
-9.389591e-02
-1.297947e-01
+8.248706e-02
+1.372872e-01
-6.960356e-02
-1.440339e-01
+5.518686e-02
+1.497364e-01
-3.921802e-02
-1.540519e-01
+2.173235e-02
+1.565956e-01
-2.836187e-03
-1.569483e-01
-1.727469e-02
+1.546683e-01
+3.829569e-02
-1.493103e-01
-5.979461e-02
+1.404523e-01
+8.119547e-02
-1.277308e-01
-1.017676e-01
+1.108866e-01
+1.206240e-01
-8.981814e-02
-1.367328e-01
+6.464403e-02
+1.489474e-01
-3.576816e-02
-1.560601e-01
+3.943483e-03
+1.568846e-01
+2.967531e-02
-1.503683e-01
-6.350203e-02
+1.357369e-01
+9.552685e-02
-1.126639e-01
-1.233787e-01
+8.145336e-02
+1.444585e-01
-4.321499e-02
-1.561561e-01

eigenvalue = -1.889846e+00:
+1.565903e-01
+1.725507e-02
-1.546869e-01
-3.434756e-02
+1.508825e-01
+5.111165e-02
-1.451822e-01
-6.737518e-02
+1.375962e-01
+8.295668e-02
-1.281421e-01
-9.766290e-02
+1.168482e-01
+1.112867e-01
-1.037584e-01
-1.236057e-01
+8.893692e-02
+1.343818e-01
-7.247513e-02
-1.433622e-01
+5.449809e-02
+1.502812e-01
-3.517242e-02
-1.548646e-01
+1.471446e-02
+1.568359e-01
+6.601516e-03
-1.559253e-01
-2.843540e-02
+1.518818e-01
+5.037441e-02
-1.444882e-01
-7.192813e-02
+1.335804e-01
+9.252656e-02
-1.190693e-01
-1.115225e-01
+1.009671e-01
+1.281999e-01
-7.941533e-02
-1.417895e-01
+5.471459e-02
+1.514942e-01
-2.735343e-02
-1.565252e-01
-1.966058e-03
+1.561501e-01
+3.231008e-02
-1.497544e-01
-6.250686e-02
+1.369146e-01
+9.115799e-02
-1.174809e-01
-1.166735e-01
+9.166508e-02
+1.373365e-01
-6.012598e-02
-1.514032e-01
+2.404113e-02
+1.572403e-01
+1.484888e-02
-1.534993e-01
-5.424077e-02
+1.393213e-01
+9.133203e-02
-1.145572e-01
-1.229653e-01
+7.997902e-02
+1.458671e-01
-3.744896e-02
-1.569843e-01
-9.997408e-03
+1.539082e-01
+5.820306e-02
-1.353524e-01
-1.021234e-01
+1.016269e-01
+1.362775e-01
-5.502290e-02
-1.554233e-01

eigenvalue = -1.812861e+00:
+1.560095e-01
+2.920145e-02
-1.505403e-01
-5.742508e-02
+1.397588e-01
+8.371258e-02
-1.239780e-01
-1.071452e-01
+1.036657e-01
+1.268651e-01
-7.944081e-02
-1.420979e-01
+5.206903e-02
+1.521773e-01
-2.245414e-02
-1.565719e-01
-8.373907e-03
+1.549126e-01
+3.927664e-02
-1.470221e-01
-6.903111e-02
+1.329437e-01
+9.636190e-02
-1.129682e-01
-1.199821e-01
+8.765748e-02
+1.386442e-01
-5.786048e-02
-1.512006e-01
+2.471960e-02
+1.566744e-01
+1.033741e-02
-1.543365e-01
-4.562406e-02
+1.437888e-01
+7.924427e-02
-1.250458e-01
-1.091682e-01
+9.860944e-02
+1.333369e-01
-6.552781e-02
-1.497970e-01
+2.742625e-02
+1.568618e-01
+1.350033e-02
-1.532936e-01
-5.454735e-02
+1.384944e-01
+9.262372e-02
-1.126869e-01
-1.244464e-01
+7.706440e-02
+1.468084e-01
-3.387729e-02
-1.569123e-01
-1.357357e-02
+1.527502e-01
+6.106956e-02
-1.334937e-01
-1.037581e-01
+9.984352e-02
+1.365990e-01
-5.427261e-02
-1.549634e-01
+1.087128e-03
+1.553419e-01
+5.376722e-02
-1.360831e-01
-1.032106e-01
+9.804464e-02
+1.398644e-01
-4.500506e-02
-1.571765e-01
-1.632447e-02
+1.507154e-01
+7.683277e-02
-1.194269e-01
-1.261630e-01
+6.656922e-02
+1.544513e-01

eigenvalue = -1.736284e+00:
-1.551951e-01
-4.093329e-02
+1.443941e-01
+7.906180e-02
-1.234961e-01
-1.117473e-01
+9.387332e-02
+1.366784e-01
-5.749578e-02
-1.520184e-01
+1.682691e-02
+1.565335e-01
+2.531231e-02
-1.496953e-01
-6.590727e-02
+1.317494e-01
+1.019368e-01
-1.037446e-01
-1.305767e-01
+6.751331e-02
+1.494100e-01
-2.560090e-02
-1.566335e-01
-1.886305e-02
+1.512450e-01
+6.235061e-02
-1.331961e-01
-1.011764e-01
+1.034918e-01
+1.317853e-01
-6.421863e-02
-1.510723e-01
+1.848391e-02
+1.567138e-01
+2.974690e-02
-1.474805e-01
-7.592280e-02
+1.234980e-01
+1.152863e-01
-8.641370e-02
-1.433432e-01
+3.943033e-02
+1.563920e-01
+1.283114e-02
-1.520616e-01
-6.466532e-02
+1.297946e-01
+1.098192e-01
-9.119233e-02
-1.422110e-01
+4.014207e-02
+1.567755e-01
+1.735513e-02
-1.503411e-01
-7.370699e-02
+1.224076e-01
+1.206148e-01
-7.566755e-02
-1.502687e-01
+1.610775e-02
+1.567261e-01
+4.744475e-02
-1.372649e-01
-1.044028e-01
+9.343767e-02
+1.440862e-01
-3.152433e-02
-1.577919e-01
-3.788963e-02
+1.409262e-01
+1.013663e-01
-9.472364e-02
-1.450572e-01
+2.701506e-02
+1.578184e-01
+4.843008e-02
-1.343877e-01
-1.142309e-01
+7.778178e-02
+1.532402e-01

eigenvalue = -1.660233e+00:
-1.541490e-01
-5.238069e-02
+1.363438e-01
+9.875263e-02
-1.027306e-01
-1.337550e-01
+5.710156e-02
+1.532629e-01
-4.654062e-03
-1.548585e-01
-4.855191e-02
+1.381383e-01
+9.624478e-02
-1.048177e-01
-1.326413e-01
+5.861335e-02
+1.531279e-01
-4.899220e-03
-1.548530e-01
-4.984487e-02
+1.371576e-01
+9.875134e-02
-1.017839e-01
-1.353859e-01
+5.281277e-02
+1.545877e-01
+3.692994e-03
-1.532303e-01
-6.033319e-02
+1.307977e-01
+1.092595e-01
-8.967398e-02
-1.432267e-01
+3.506697e-02
+1.566860e-01
+2.548352e-02
-1.467691e-01
-8.300698e-02
+1.139988e-01
+1.283470e-01
-6.256582e-02
-1.536123e-01
+4.823647e-05
+1.536321e-01
+6.348428e-02
-1.271637e-01
-1.169433e-01
+7.758689e-02
+1.501163e-01
-1.284848e-02
-1.557057e-01
-5.548701e-02
+1.311361e-01
+1.140788e-01
-7.970039e-02
-1.503450e-01
+1.065272e-02
+1.552833e-01
+6.201195e-02
-1.259884e-01
-1.221011e-01
+6.719033e-02
+1.547716e-01
+8.802847e-03
-1.504068e-01
-8.412005e-02
+1.078632e-01
+1.392183e-01
-3.603213e-02
-1.579976e-01
-4.714992e-02
+1.329209e-01
+1.185681e-01
-6.855936e-02
-1.561677e-01
-1.797353e-02
+1.461052e-01
+1.006231e-01
-8.858979e-02
-1.517903e-01

eigenvalue = -1.584820e+00:
+1.528733e-01
+6.347575e-02
-1.265098e-01
-1.160435e-01
+7.826011e-02
+1.486100e-01
-1.635636e-02
-1.554314e-01
-4.855468e-02
+1.351226e-01
+1.051697e-01
-9.097335e-02
-1.434392e-01
+3.049658e-02
+1.563285e-01
+3.574816e-02
-1.411379e-01
-9.590000e-02
+1.001382e-01
+1.388528e-01
-4.037297e-02
-1.562933e-01
-2.739927e-02
+1.443654e-01
+9.050540e-02
-1.046340e-01
-1.366425e-01
+4.410713e-02
+1.562725e-01
+2.578191e-02
-1.446843e-01
-9.114994e-02
+1.032841e-01
+1.383172e-01
-3.976495e-02
-1.566829e-01
-3.302410e-02
+1.412493e-01
+9.943982e-02
-9.420077e-02
-1.442932e-01
+2.505078e-02
+1.563775e-01
+5.089149e-02
-1.314942e-01
-1.156314e-01
+7.416323e-02
+1.526649e-01
+2.622858e-03
-1.513360e-01
-7.987077e-02
+1.102594e-01
+1.370086e-01
-3.871159e-02
-1.573822e-01
-4.477090e-02
+1.334444e-01
+1.166947e-01
-7.003694e-02
-1.550623e-01
-1.561236e-02
+1.463668e-01
+9.781948e-02
-9.096040e-02
-1.497809e-01
+4.661247e-03
+1.524899e-01
+8.473267e-02
-1.023813e-01
-1.458126e-01
+1.461825e-02
+1.546897e-01
+8.016181e-02
-1.051308e-01
-1.457463e-01
+1.338138e-02
+1.542471e-01
+8.550616e-02
-9.892424e-02
-1.501024e-01

eigenvalue = -1.510161e+00:
-1.513705e-01
-7.415291e-02
+1.150362e-01
+1.305416e-01
-5.101228e-02
-1.555779e-01
-2.540926e-02
+1.430841e-01
+9.584632e-02
-9.583899e-02
-1.431572e-01
+2.505501e-02
+1.555676e-01
+5.214981e-02
-1.296331e-01
-1.167605e-01
+7.130028e-02
+1.524713e-01
+5.268471e-03
-1.498182e-01
-8.093870e-02
+1.088112e-01
+1.362454e-01
-3.932659e-02
-1.563722e-01
-4.099458e-02
+1.352355e-01
+1.109947e-01
-7.755017e-02
-1.514669e-01
-1.838556e-03
+1.504990e-01
+8.143106e-02
-1.072319e-01
-1.386808e-01
+3.282743e-02
+1.563821e-01
+5.193213e-02
-1.280863e-01
-1.220971e-01
+6.083452e-02
+1.557929e-01
+2.595055e-02
-1.412530e-01
-1.055619e-01
+8.139945e-02
+1.519975e-01
+5.848735e-03
-1.486191e-01
-9.224497e-02
+9.464673e-02
+1.479869e-01
-6.909457e-03
-1.521110e-01
-8.450163e-02
+1.009788e-01
+1.460313e-01
-1.136831e-02
-1.530572e-01
-8.390650e-02
+1.004467e-01
+1.473510e-01
-6.685698e-03
-1.516370e-01
-9.125857e-02
+9.224339e-02
+1.517536e-01
+8.048667e-03
-1.463929e-01
-1.063152e-01
+7.446559e-02
+1.570948e-01
+3.351663e-02
-1.338713e-01
-1.270252e-01
+4.442352e-02
+1.585627e-01
+6.906886e-02
-1.087182e-01
-1.481772e-01

eigenvalue = -1.436369e+00:
+1.496434e-01
+8.434938e-02
-1.020886e-01
-1.419247e-01
+2.200885e-02
+1.543505e-01
+6.519967e-02
-1.174802e-01
-1.317017e-01
+4.284256e-02
+1.560124e-01
+4.581019e-02
-1.299409e-01
-1.198857e-01
+6.147424e-02
+1.550616e-01
+2.743587e-02
-1.392957e-01
-1.076670e-01
+7.713024e-02
+1.523156e-01
+1.127908e-02
-1.457503e-01
-9.636641e-02
+8.932017e-02
+1.488372e-01
-1.597083e-03
-1.497817e-01
-8.729909e-02
+9.777971e-02
+1.457640e-01
-1.028499e-02
-1.519623e-01
-8.167139e-02
+1.023322e-01
+1.441256e-01
-1.398121e-02
-1.527352e-01
-8.050893e-02
+1.026919e-01
+1.446500e-01
-1.189736e-02
-1.521554e-01
-8.458219e-02
+9.824270e-02
+1.475353e-01
-3.191732e-03
-1.496029e-01
-9.426300e-02
+8.784944e-02
+1.521462e-01
+1.298389e-02
-1.434903e-01
-1.092179e-01
+6.979640e-02
+1.566023e-01
+3.718260e-02
-1.310419e-01
-1.278391e-01
+4.203123e-02
+1.572948e-01
+6.892703e-02
-1.083495e-01
-1.463824e-01
+2.997354e-03
+1.485543e-01
+1.053897e-01
-7.112666e-02
-1.580109e-01
-4.659841e-02
+1.230462e-01
+1.395861e-01
-1.679857e-02
-1.524653e-01
-1.009486e-01
+7.393071e-02
+1.588896e-01
+5.152048e-02
-1.179073e-01
-1.460159e-01

eigenvalue = -1.363555e+00:
+1.476952e-01
+9.400556e-02
-8.785151e-02
-1.499484e-01
-7.673838e-03
+1.450571e-01
+1.001937e-01
-8.110219e-02
-1.520086e-01
-1.611212e-02
+1.416927e-01
+1.069451e-01
-7.304123e-02
-1.539022e-01
-2.605847e-02
+1.370940e-01
+1.146486e-01
-6.286390e-02
-1.554341e-01
-3.819948e-02
+1.305400e-01
+1.234746e-01
-4.967802e-02
-1.560933e-01
-5.309276e-02
+1.210383e-01
+1.332447e-01
-3.253406e-02
-1.549228e-01
-7.103039e-02
+1.072800e-01
+1.432366e-01
-1.052885e-02
-1.503745e-01
-9.180002e-02
+8.766385e-02
+1.519223e-01
+1.695133e-02
-1.402011e-01
-1.143071e-01
+6.048193e-02
+1.566746e-01
+4.976382e-02
-1.214966e-01
-1.360525e-01
+2.440877e-02
+1.535553e-01
+8.624579e-02
-9.109296e-02
-1.525553e-01
-2.053258e-02
+1.374525e-01
+1.221757e-01
-4.661740e-02
-1.570249e-01
-7.141973e-02
+1.030359e-01
+1.497523e-01
+1.146871e-02
-1.409318e-01
-1.204963e-01
+4.715798e-02
+1.574171e-01
+7.683630e-02
-9.652288e-02
-1.538070e-01
-2.689584e-02
+1.320887e-01
+1.342362e-01
-2.230260e-02
-1.525946e-01
-1.041262e-01
+6.575586e-02
+1.593284e-01
+6.889293e-02
-1.007156e-01
-1.551593e-01
-3.308806e-02
+1.264299e-01
+1.436196e-01

eigenvalue = -1.291830e+00:
+1.455296e-01
+1.030653e-01
-7.252609e-02
-1.544510e-01
-3.694572e-02
+1.282520e-01
+1.279459e-01
-3.740557e-02
-1.545266e-01
-7.250257e-02
+1.029062e-01
+1.458522e-01
+1.182265e-03
-1.450073e-01
-1.049551e-01
+6.978136e-02
+1.550529e-01
+4.172997e-02
-1.249858e-01
-1.319605e-01
+2.952401e-02
+1.533646e-01
+8.191267e-02
-9.370536e-02
-1.503287e-01
-1.633304e-02
+1.383414e-01
+1.181451e-01
-5.114509e-02
-1.560035e-01
-6.468192e-02
+1.078292e-01
+1.452507e-01
+1.060266e-03
-1.444531e-01
-1.101004e-01
+6.104624e-02
+1.565160e-01
+5.840559e-02
-1.117699e-01
-1.443719e-01
+2.825513e-04
+1.445910e-01
+1.122996e-01
-5.677952e-02
-1.568903e-01
-6.697530e-02
+1.038230e-01
+1.496144e-01
+1.581741e-02
-1.369062e-01
-1.263389e-01
+3.441965e-02
+1.543980e-01
+9.207575e-02
-7.857958e-02
-1.571133e-01
-5.213398e-02
+1.135109e-01
+1.475751e-01
+1.124093e-02
-1.380208e-01
-1.291993e-01
+2.698628e-02
+1.525221e-01
+1.055797e-01
-6.022941e-02
-1.585346e-01
-7.997273e-02
+8.739218e-02
+1.581782e-01
+5.500816e-02
-1.083573e-01
-1.537462e-01
-3.260146e-02
+1.236711e-01
+1.474003e-01
+1.401382e-02
-1.342274e-01
-1.409898e-01

eigenvalue = -1.221302e+00:
+1.431505e-01
+1.114764e-01
-5.632703e-02
-1.553575e-01
-6.474419e-02
+1.048796e-01
+1.465576e-01
+9.518091e-03
-1.391227e-01
-1.182820e-01
+4.656603e-02
+1.547575e-01
+7.479249e-02
-9.603517e-02
-1.502921e-01
-2.228547e-02
+1.327211e-01
+1.270966e-01
-3.218213e-02
-1.525994e-01
-8.897257e-02
+8.182159e-02
+1.541958e-01
+4.135850e-02
-1.210823e-01
-1.385286e-01
+9.642147e-03
+1.463048e-01
+1.086557e-01
-5.821291e-02
-1.559823e-01
-6.896190e-02
+9.959103e-02
+1.506458e-01
+2.435217e-02
-1.305461e-01
-1.324549e-01
+2.049437e-02
+1.495414e-01
+1.046200e-01
-6.169573e-02
-1.566142e-01
-7.078625e-02
+9.650587e-02
+1.530543e-01
+3.448694e-02
-1.234188e-01
-1.409812e-01
+1.260057e-03
+1.420777e-01
+1.229099e-01
-3.418668e-02
-1.530533e-01
-1.013775e-01
+6.284671e-02
+1.575601e-01
+7.867248e-02
-8.655838e-02
-1.571705e-01
-5.667701e-02
+1.052616e-01
+1.535685e-01
+3.681527e-02
-1.193328e-01
-1.483642e-01
-2.008309e-02
+1.293921e-01
+1.429728e-01
+7.131242e-03
-1.361260e-01
-1.385482e-01
+1.626150e-03
+1.401357e-01
+1.359526e-01
-5.902220e-03
-1.418137e-01
-1.357394e-01
+5.447766e-03
+1.412445e-01
+1.381279e-01

eigenvalue = -1.152080e+00:
-1.405620e-01
-1.191907e-01
+3.947966e-02
+1.526798e-01
+9.007370e-02
-7.621872e-02
-1.548056e-01
-5.533311e-02
+1.077526e-01
+1.470313e-01
+1.747840e-02
-1.321304e-01
-1.302394e-01
+2.085913e-02
+1.480821e-01
+1.059722e-01
-5.719241e-02
-1.550966e-01
-7.623188e-02
+8.940946e-02
+1.534067e-01
+4.324496e-02
-1.159409e-01
-1.438906e-01
-9.224915e-03
+1.358489e-01
+1.279132e-01
-2.383564e-02
-1.488359e-01
-1.071348e-01
+5.432012e-02
+1.551830e-01
+8.331768e-02
-8.107901e-02
-1.556376e-01
-5.815396e-02
+1.034559e-01
+1.512730e-01
+3.313486e-02
-1.212569e-01
-1.433436e-01
-9.468562e-03
+1.346786e-01
+1.331539e-01
-1.195206e-02
-1.442105e-01
-1.219543e-01
+3.053792e-02
+1.505290e-01
+1.108702e-01
-4.595848e-02
-1.543942e-01
-1.008631e-01
+5.807452e-02
+1.565584e-01
+9.272009e-02
-6.685967e-02
-1.576890e-01
-8.706079e-02
+7.232064e-02
+1.583034e-01
+8.435303e-02
-7.442349e-02
-1.587136e-01
-8.492398e-02
+7.303302e-02
+1.589722e-01
+8.895469e-02
-6.787259e-02
-1.588182e-01
-9.644536e-02
+5.851481e-02
+1.576197e-01
+1.071397e-01
-4.441832e-02
-1.543233e-01
-1.204003e-01
+2.503289e-02
+1.474294e-01
+1.350351e-01

eigenvalue = -1.084269e+00:
+1.377689e-01
+1.261646e-01
-2.221681e-02
-1.465168e-01
-1.120426e-01
+4.380916e-02
+1.522201e-01
+9.586779e-02
-6.419716e-02
-1.548533e-01
-7.819692e-02
+8.288537e-02
+1.545525e-01
+5.963843e-02
-9.949426e-02
-1.516015e-01
-4.081078e-02
+1.137803e-01
+1.464077e-01
+2.230374e-02
-1.256435e-01
-1.394708e-01
-4.646401e-03
+1.351223e-01
+1.313477e-01
-1.171494e-02
-1.423772e-01
-1.226193e-01
+2.642782e-02
+1.476670e-01
+1.138595e-01
-3.923295e-02
-1.513172e-01
-1.056119e-01
+4.995303e-02
+1.536871e-01
+9.837260e-02
-5.847271e-02
-1.551352e-01
-9.258050e-02
+6.471202e-02
+1.559843e-01
+8.861227e-02
-6.859615e-02
-1.564882e-01
-8.677974e-02
+7.002440e-02
+1.567974e-01
+8.732535e-02
-6.884160e-02
-1.569236e-01
-9.041074e-02
+6.481636e-02
+1.567027e-01
+9.609262e-02
-5.763158e-02
-1.557543e-01
-1.042799e-01
+4.689517e-02
+1.534434e-01
+1.146663e-01
-3.218196e-02
-1.488501e-01
-1.266360e-01
+1.312093e-02
+1.407636e-01
+1.391448e-01
+1.045618e-02
-1.277274e-01
-1.505916e-01
-3.829091e-02
+1.081724e-01
+1.587152e-01
+6.939614e-02
-8.068693e-02
-1.605777e-01
-1.017004e-01
+4.447145e-02
+1.527339e-01
+1.317129e-01

eigenvalue = -1.017972e+00:
-1.347761e-01
-1.323591e-01
+4.775525e-03
+1.370504e-01
+1.298955e-01
-9.365668e-03
-1.391057e-01
-1.274998e-01
+1.358633e-02
+1.408839e-01
+1.253025e-01
-1.725557e-02
-1.423426e-01
-1.234455e-01
+2.019364e-02
+1.434494e-01
+1.220770e-01
-2.222195e-02
-1.441740e-01
-1.213442e-01
+2.316106e-02
+1.444782e-01
+1.213852e-01
-2.282777e-02
-1.443037e-01
-1.223191e-01
+2.103208e-02
+1.435575e-01
+1.242340e-01
-1.757502e-02
-1.420959e-01
-1.271704e-01
+1.224891e-02
+1.397075e-01
+1.311017e-01
-4.842440e-03
-1.360962e-01
-1.359073e-01
-4.846504e-03
+1.308670e-01
+1.413401e-01
+1.698622e-02
-1.235174e-01
-1.469861e-01
-3.167022e-02
+1.134414e-01
+1.522194e-01
+4.885498e-02
-9.995340e-02
-1.561566e-01
-6.827223e-02
+8.234493e-02
+1.576215e-01
+8.931478e-02
-5.998803e-02
-1.551392e-01
-1.109013e-01
+3.250144e-02
+1.469847e-01
+1.313378e-01
+8.857864e-06
-1.313278e-01
-1.482123e-01
-3.663570e-02
+1.065171e-01
+1.583867e-01
+7.531222e-02
-7.154587e-02
-1.581782e-01
-1.124851e-01
+2.671252e-02
+1.438486e-01
+1.429654e-01
+2.557749e-02
-1.125107e-01
-1.601811e-01
-8.004574e-02
+6.349012e-02
+1.571134e-01
+1.281623e-01

eigenvalue = -9.532909e-01:
+1.315889e-01
+1.377404e-01
+1.260614e-02
-1.245411e-01
-1.430403e-01
-2.531681e-02
+1.165063e-01
+1.474825e-01
+3.822466e-02
-1.073544e-01
-1.510026e-01
-5.139755e-02
+9.692229e-02
+1.534711e-01
+6.486351e-02
-8.502180e-02
-1.546860e-01
-7.859281e-02
+7.145187e-02
+1.543650e-01
+9.247613e-02
-5.601542e-02
-1.521410e-01
-1.062987e-01
+3.854420e-02
+1.475612e-01
+1.197103e-01
-1.893399e-02
-1.400944e-01
-1.321934e-01
-2.807080e-03
+1.291524e-01
+1.430314e-01
+2.649498e-02
-1.141318e-01
-1.512852e-01
-5.169062e-02
+9.448375e-02
+1.557863e-01
+7.760796e-02
-6.982187e-02
-1.551634e-01
-1.030185e-01
+4.007498e-02
+1.479216e-01
+1.261696e-01
-5.685930e-03
-1.325997e-01
-1.447485e-01
-3.215257e-02
+1.080313e-01
+1.559367e-01
+7.125572e-02
-7.372593e-02
-1.566171e-01
-1.082590e-01
+3.036513e-02
+1.438016e-01
+1.385861e-01
+1.963971e-02
-1.153350e-01
-1.567146e-01
-7.165388e-02
+7.087729e-02
+1.569039e-01
+1.186152e-01
-1.306038e-02
-1.345196e-01
-1.514439e-01
-5.147196e-02
+8.795743e-02
+1.604328e-01
+1.116595e-01
-2.088468e-02
-1.378774e-01
-1.529848e-01
-5.592333e-02
+8.181525e-02
+1.605269e-01
+1.243840e-01

eigenvalue = -8.903264e-01:
+1.282130e-01
+1.422795e-01
+2.969245e-02
-1.093204e-01
-1.510690e-01
-5.846085e-02
+8.611638e-02
+1.541827e-01
+8.535209e-02
-5.920631e-02
-1.512774e-01
-1.093597e-01
+2.932379e-02
+1.420883e-01
+1.294091e-01
+2.622942e-03
-1.264729e-01
-1.443593e-01
-3.550101e-02
+1.044764e-01
+1.530281e-01
+6.790629e-02
-7.642191e-02
-1.542501e-01
-9.813081e-02
+4.301995e-02
+1.469770e-01
+1.241593e-01
-5.491700e-03
-1.304293e-01
-1.437151e-01
-3.431012e-02
+1.043033e-01
+1.543808e-01
+7.380921e-02
-6.903149e-02
-1.538206e-01
-1.096831e-01
+2.607316e-02
+1.401269e-01
+1.379650e-01
+2.180623e-02
-1.123015e-01
-1.543363e-01
-7.034673e-02
+7.084642e-02
+1.546753e-01
+1.138120e-01
-1.838946e-02
-1.359007e-01
-1.453618e-01
-3.981006e-02
+9.708389e-02
+1.579328e-01
+9.571801e-02
-4.068413e-02
-1.457256e-01
-1.390645e-01
-2.641615e-02
+1.062474e-01
+1.588905e-01
+9.259743e-02
-4.257469e-02
-1.462802e-01
-1.425791e-01
-3.488974e-02
+9.807184e-02
+1.604925e-01
+1.083001e-01
-2.066776e-02
-1.350934e-01
-1.551908e-01
-6.777273e-02
+6.622356e-02
+1.550773e-01
+1.391001e-01
+2.989268e-02
-9.917564e-02
-1.629366e-01
-1.203782e-01

eigenvalue = -8.291759e-01:
+1.246543e-01
+1.459530e-01
+4.625324e-02
-9.178271e-02
-1.537706e-01
-8.840211e-02
+5.014602e-02
+1.472079e-01
+1.225675e-01
-3.324583e-03
-1.264727e-01
-1.453358e-01
-4.448744e-02
+9.296238e-02
+1.540243e-01
+8.869351e-02
-4.931464e-02
-1.469753e-01
-1.245821e-01
-6.021266e-04
+1.238680e-01
+1.477112e-01
+5.179999e-02
-8.601838e-02
-1.544003e-01
-9.843427e-02
+3.661560e-02
+1.423218e-01
+1.342698e-01
+1.918730e-02
-1.111469e-01
-1.533907e-01
-7.443174e-02
+6.315569e-02
+1.511578e-01
+1.208792e-01
-3.660211e-03
-1.253556e-01
-1.500065e-01
-5.896939e-02
+7.736854e-02
+1.545100e-01
+1.139209e-01
-1.310240e-02
-1.302281e-01
-1.494203e-01
-5.676421e-02
+7.818144e-02
+1.551646e-01
+1.176846e-01
-6.165957e-03
-1.255150e-01
-1.537222e-01
-7.092018e-02
+6.280712e-02
+1.516957e-01
+1.329286e-01
+2.039682e-02
-1.064330e-01
-1.591284e-01
-1.017067e-01
+2.562731e-02
+1.354654e-01
+1.534659e-01
+6.816820e-02
-6.267861e-02
-1.519573e-01
-1.412287e-01
-3.828017e-02
+8.946485e-02
+1.597317e-01
+1.282345e-01
+1.573856e-02
-1.066116e-01
-1.628072e-01
-1.189023e-01
-2.575475e-03
+1.153050e-01
+1.643079e-01
+1.161442e-01

eigenvalue = -7.699351e-01:
-1.209189e-01
-1.487427e-01
-6.206695e-02
+7.237504e-02
+1.511371e-01
+1.136773e-01
-1.115063e-02
-1.274142e-01
-1.458878e-01
-5.248754e-02
+8.112470e-02
+1.526502e-01
+1.074826e-01
-1.974756e-02
-1.319208e-01
-1.436546e-01
-4.618498e-02
+8.633550e-02
+1.534491e-01
+1.045276e-01
-2.328016e-02
-1.335550e-01
-1.434642e-01
-4.580708e-02
+8.611311e-02
+1.537826e-01
+1.070106e-01
-1.918006e-02
-1.311763e-01
-1.463789e-01
-5.389910e-02
+7.810584e-02
+1.530219e-01
+1.164707e-01
-4.625047e-03
-1.223757e-01
-1.519483e-01
-7.245680e-02
+5.883499e-02
+1.482375e-01
+1.325443e-01
+2.329035e-02
-1.023301e-01
-1.563727e-01
-1.015539e-01
+2.361886e-02
+1.325109e-01
+1.505319e-01
+6.586843e-02
-6.348327e-02
-1.500044e-01
-1.358985e-01
-3.116168e-02
+9.423228e-02
+1.575438e-01
+1.177160e-01
+1.320858e-03
-1.159277e-01
-1.587793e-01
-1.004415e-01
+2.145164e-02
+1.298700e-01
+1.573191e-01
+8.743484e-02
-3.612231e-02
-1.376829e-01
-1.560893e-01
-8.101597e-02
+4.216003e-02
+1.405239e-01
+1.569306e-01
+8.265449e-02
-3.893343e-02
-1.384508e-01
-1.602588e-01
-9.302694e-02
+2.535547e-02
+1.299441e-01
+1.646084e-01
+1.116799e-01

eigenvalue = -7.126980e-01:
+1.170133e-01
+1.506360e-01
+7.692359e-02
-5.158569e-02
-1.433614e-01
-1.331003e-01
-2.816145e-02
+9.679542e-02
+1.530024e-01
+1.006372e-01
-2.306856e-02
-1.304397e-01
-1.455625e-01
-5.788050e-02
+7.062051e-02
+1.493959e-01
+1.231544e-01
+1.049721e-02
-1.095117e-01
-1.529783e-01
-8.974913e-02
+3.593591e-02
+1.366722e-01
+1.427574e-01
+5.023292e-02
-7.689621e-02
-1.512023e-01
-1.219468e-01
-9.423122e-03
+1.095145e-01
+1.541570e-01
+9.457699e-02
-2.871756e-02
-1.327368e-01
-1.480016e-01
-6.469427e-02
+6.152576e-02
+1.471060e-01
+1.359381e-01
+3.576588e-02
-8.771610e-02
-1.543014e-01
-1.212879e-01
-1.037793e-02
+1.071628e-01
+1.565975e-01
+1.070517e-01
-9.778984e-03
-1.204987e-01
-1.563634e-01
-9.568332e-02
+2.370702e-02
+1.286440e-01
+1.556660e-01
+8.904131e-02
-3.077962e-02
-1.323420e-01
-1.559683e-01
-8.842868e-02
+3.040475e-02
+1.317395e-01
+1.578625e-01
+9.459951e-02
-2.177762e-02
-1.260328e-01
-1.607546e-01
-1.075890e-01
+3.852006e-03
+1.132264e-01
+1.624454e-01
+1.262199e-01
+2.428228e-02
-9.016473e-02
-1.586600e-01
-1.471842e-01
-6.235714e-02
+5.318761e-02
+1.428417e-01
+1.638070e-01
+1.069818e-01

eigenvalue = -6.575568e-01:
+1.129442e-01
+1.516254e-01
+9.062749e-02
-2.993211e-02
-1.308279e-01
-1.458215e-01
-6.512926e-02
+5.826759e-02
+1.434923e-01
+1.348055e-01
+3.799016e-02
-8.363076e-02
-1.507186e-01
-1.196709e-01
-1.082661e-02
+1.050440e-01
+1.528669e-01
+1.018545e-01
-1.487556e-02
-1.220287e-01
-1.508010e-01
-8.294705e-02
+3.791952e-02
+1.346162e-01
+1.457496e-01
+6.451541e-02
-5.747953e-02
-1.432751e-01
-1.391392e-01
-4.797024e-02
+7.309685e-02
+1.487753e-01
+1.324305e-01
+3.450036e-02
-8.459602e-02
-1.520144e-01
-1.269816e-01
-2.507507e-02
+9.194006e-02
+1.538279e-01
+1.239434e-01
+2.049808e-02
-9.504815e-02
-1.547914e-01
-1.241693e-01
-2.147985e-02
+9.360196e-02
+1.550138e-01
+1.281041e-01
+2.867869e-02
-8.687270e-02
-1.539102e-01
-1.356008e-01
-4.264010e-02
+7.362110e-02
+1.499581e-01
+1.456083e-01
+6.353898e-02
-5.216627e-02
-1.404886e-01
-1.557031e-01
-9.061028e-02
+2.079208e-02
+1.216669e-01
+1.615279e-01
+1.211793e-01
+2.126193e-02
-8.899959e-02
-1.564199e-01
-1.493618e-01
-7.197713e-02
+3.891111e-02
+1.318992e-01
+1.649390e-01
+1.239378e-01
+2.800457e-02
-8.017976e-02
-1.537554e-01
-1.618724e-01
-1.020435e-01

eigenvalue = -6.046022e-01:
-1.087180e-01
-1.517090e-01
-1.029995e-01
+7.948363e-03
+1.140955e-01
+1.513689e-01
+9.733200e-02
-1.537033e-02
-1.188172e-01
-1.507937e-01
-9.217452e-02
+2.174856e-02
+1.226417e-01
+1.501752e-01
+8.803399e-02
-2.657803e-02
-1.253802e-01
-1.497579e-01
-8.544050e-02
+2.935912e-02
+1.268556e-01
+1.497866e-01
+8.491869e-02
-2.957956e-02
-1.268431e-01
-1.504378e-01
-8.695252e-02
+2.668915e-02
+1.249918e-01
+1.517295e-01
+9.193461e-02
-2.007773e-02
-1.207344e-01
-1.534047e-01
-1.000834e-01
+9.076973e-03
+1.131976e-01
+1.547836e-01
+1.113036e-01
+6.979917e-03
-1.011383e-01
-1.545863e-01
-1.249616e-01
-2.858895e-02
+8.295967e-02
+1.507519e-01
+1.395540e-01
+5.572795e-02
-5.689891e-02
-1.403301e-01
-1.522852e-01
-8.726111e-02
+2.153049e-02
+1.196092e-01
+1.586618e-01
+1.200752e-01
+2.323916e-02
-8.477037e-02
-1.523936e-01
-1.480927e-01
-7.456920e-02
+3.346625e-02
+1.261698e-01
+1.616720e-01
+1.246598e-01
+3.234680e-02
-7.415415e-02
-1.485053e-01
-1.592354e-01
-1.025787e-01
-3.055164e-03
+9.772871e-02
+1.587300e-01
+1.559939e-01
+9.149276e-02
-8.715026e-03
-1.055718e-01
-1.624502e-01
-1.587708e-01
-9.685497e-02

eigenvalue = -5.539242e-01:
+1.043412e-01
+1.508893e-01
+1.138791e-01
+1.382760e-02
-9.387493e-02
-1.496673e-01
-1.227606e-01
-2.808307e-02
+8.208189e-02
+1.470330e-01
+1.310993e-01
+4.315090e-02
-6.846304e-02
-1.425945e-01
-1.388044e-01
-5.931717e-02
+5.244865e-02
+1.357395e-01
+1.455167e-01
+7.669036e-02
-3.344774e-02
-1.256204e-01
-1.505256e-01
-9.508515e-02
+1.093832e-02
+1.111633e-01
+1.526756e-01
+1.138582e-01
+1.537330e-02
-9.113458e-02
-1.502861e-01
-1.316937e-01
-4.529145e-02
+6.431947e-02
+1.411354e-01
+1.463609e-01
+7.774120e-02
-2.988591e-02
-1.226029e-01
-1.545127e-01
-1.102543e-01
-1.198544e-02
+9.211683e-02
+1.516834e-01
+1.384184e-01
+5.916054e-02
-4.809778e-02
-1.327620e-01
-1.555416e-01
-1.063930e-01
-8.445713e-03
+9.334280e-02
+1.530439e-01
+1.443511e-01
+7.173781e-02
-3.234399e-02
-1.223746e-01
-1.597689e-01
-1.291428e-01
-4.411082e-02
+5.930431e-02
+1.382778e-01
+1.609096e-01
+1.187448e-01
+2.933732e-02
-7.159783e-02
-1.447571e-01
-1.624924e-01
-1.188492e-01
-3.093330e-02
+6.834173e-02
+1.428878e-01
+1.665097e-01
+1.317085e-01
+5.143280e-02
-4.630898e-02
-1.285912e-01
-1.686947e-01
-1.544617e-01
-9.140063e-02

eigenvalue = -5.056127e-01:
+9.981981e-02
+1.491733e-01
+1.231255e-01
+3.486622e-02
-7.100066e-02
-1.410363e-01
-1.399557e-01
-6.837301e-02
+3.761321e-02
+1.246978e-01
+1.492088e-01
+9.896579e-02
-7.725122e-04
-1.001252e-01
-1.496011e-01
-1.247193e-01
-3.799451e-02
+6.752244e-02
+1.397328e-01
+1.432146e-01
+7.646806e-02
-2.765672e-02
-1.183080e-01
-1.515259e-01
-1.114561e-01
-1.768701e-02
+8.456929e-02
+1.464154e-01
+1.386060e-01
+6.515731e-02
-3.900128e-02
-1.248685e-01
-1.524727e-01
-1.093118e-01
-1.569632e-02
+8.512270e-02
+1.471062e-01
+1.423846e-01
+7.350587e-02
-2.827827e-02
-1.174886e-01
-1.548206e-01
-1.242797e-01
-3.965744e-02
+6.209065e-02
+1.372359e-01
+1.540579e-01
+1.059536e-01
+1.357968e-02
-8.441797e-02
-1.477745e-01
-1.510600e-01
-9.353185e-02
+1.276100e-03
+9.558063e-02
+1.525754e-01
+1.506580e-01
+9.121737e-02
-2.651507e-03
-9.553145e-02
-1.532139e-01
-1.551529e-01
-1.013701e-01
-1.166392e-02
+8.211923e-02
+1.476022e-01
+1.629547e-01
+1.237884e-01
+4.384377e-02
-5.031503e-02
-1.284282e-01
-1.662752e-01
-1.528958e-01
-9.325675e-02
-5.924604e-03
+8.313325e-02
+1.484545e-01
+1.722539e-01
+1.488922e-01
+8.565625e-02

eigenvalue = -4.597589e-01:
+9.515858e-02
+1.465708e-01
+1.306181e-01
+5.465738e-02
-4.639923e-02
-1.261676e-01
-1.481023e-01
-1.022222e-01
-9.593844e-03
+8.741580e-02
+1.445683e-01
+1.359208e-01
+6.552831e-02
-3.456947e-02
-1.190318e-01
-1.497887e-01
-1.131401e-01
-2.572016e-02
+7.320727e-02
+1.394840e-01
+1.437577e-01
+8.435317e-02
-1.227780e-02
-1.035114e-01
-1.494266e-01
-1.302002e-01
-5.446678e-02
+4.479525e-02
+1.248005e-01
+1.514268e-01
+1.136263e-01
+2.774586e-02
-6.980840e-02
-1.381643e-01
-1.490839e-01
-9.841961e-02
-7.366280e-03
+8.668950e-02
+1.456589e-01
+1.461021e-01
+8.828087e-02
-4.473622e-03
-9.547202e-02
-1.493027e-01
-1.455041e-01
-8.603585e-02
+6.051262e-03
+9.586559e-02
+1.500210e-01
+1.489281e-01
+9.355092e-02
+4.434607e-03
-8.626365e-02
-1.465346e-01
-1.557165e-01
-1.112550e-01
-2.893732e-02
+6.310213e-02
+1.342184e-01
+1.614292e-01
+1.365654e-01
+6.827742e-02
-2.140105e-02
-1.044768e-01
-1.558245e-01
-1.606165e-01
-1.182229e-01
-4.169719e-02
+4.665248e-02
+1.220166e-01
+1.640642e-01
+1.621955e-01
+1.177947e-01
+4.315559e-02
-4.231994e-02
-1.174091e-01
-1.643588e-01
-1.728747e-01
-1.419866e-01
-7.958413e-02

eigenvalue = -4.164574e-01:
-9.036042e-02
-1.430930e-01
-1.362553e-01
-7.271976e-02
+2.105610e-02
+1.060831e-01
+1.470765e-01
+1.270934e-01
+5.449128e-02
-4.063595e-02
-1.189949e-01
-1.483461e-01
-1.167315e-01
-3.725493e-02
+5.745854e-02
+1.287356e-01
+1.476555e-01
+1.067092e-01
+2.264046e-02
-7.054564e-02
-1.354277e-01
-1.461856e-01
-9.875946e-02
-1.219487e-02
+7.918071e-02
+1.394666e-01
+1.452630e-01
+9.459864e-02
+7.363978e-03
-8.270148e-02
-1.411614e-01
-1.460027e-01
-9.573685e-02
-9.573316e-03
+8.015541e-02
+1.402443e-01
+1.488530e-01
+1.032356e-01
+2.030527e-02
-6.990457e-02
-1.352640e-01
-1.529557e-01
-1.172289e-01
-4.094050e-02
+4.937770e-02
+1.229422e-01
+1.552191e-01
+1.359189e-01
+7.194679e-02
-1.540585e-02
-9.781017e-02
-1.491745e-01
-1.537840e-01
-1.108091e-01
-3.399901e-02
+5.305130e-02
+1.243473e-01
+1.592521e-01
+1.482484e-01
+9.516924e-02
+1.551087e-02
-6.840791e-02
-1.338575e-01
-1.638051e-01
-1.511005e-01
-9.979449e-02
-2.349234e-02
+5.857503e-02
+1.265689e-01
+1.648134e-01
+1.651924e-01
+1.285063e-01
+6.368673e-02
-1.472367e-02
-9.007450e-02
-1.472192e-01
-1.754547e-01
-1.702591e-01
-1.336282e-01
-7.312443e-02

eigenvalue = -3.758091e-01:
+8.542514e-02
+1.387500e-01
+1.399525e-01
+8.860754e-02
+4.017103e-03
-8.207917e-02
-1.374419e-01
-1.414094e-01
-9.257875e-02
-9.241904e-03
+7.753292e-02
+1.355276e-01
+1.433335e-01
+9.819627e-02
+1.688940e-02
-7.061987e-02
-1.322784e-01
-1.456822e-01
-1.061358e-01
-2.816259e-02
+5.996515e-02
+1.265651e-01
+1.479349e-01
+1.166913e-01
+4.415520e-02
-4.392327e-02
-1.166264e-01
-1.487398e-01
-1.293989e-01
-6.557531e-02
+2.064325e-02
+9.985981e-02
+1.454445e-01
+1.424051e-01
+9.212123e-02
+1.151734e-02
-7.284612e-02
-1.336333e-01
-1.515527e-01
-1.213006e-01
-5.285784e-02
+3.206364e-02
+1.070905e-01
+1.494167e-01
+1.466131e-01
+1.000238e-01
+2.390925e-02
-5.917809e-02
-1.252211e-01
-1.556611e-01
-1.424304e-01
-8.978918e-02
-1.265560e-02
+6.787949e-02
+1.304470e-01
+1.590273e-01
+1.468464e-01
+9.765888e-02
+2.428834e-02
-5.498837e-02
-1.211429e-01
-1.589471e-01
-1.602987e-01
-1.256514e-01
-6.339393e-02
+1.248178e-02
+8.573846e-02
+1.414393e-01
+1.689065e-01
+1.635390e-01
+1.272462e-01
+6.757489e-02
-4.143571e-03
-7.514622e-02
-1.335880e-01
-1.704588e-01
-1.807856e-01
-1.640143e-01
-1.236275e-01
-6.617974e-02

eigenvalue = -3.379253e-01:
+8.034941e-02
+1.335498e-01
+1.416407e-01
+1.019162e-01
+2.781375e-02
-5.566115e-02
-1.204031e-01
-1.446826e-01
-1.204230e-01
-5.584115e-02
+2.739809e-02
+1.015051e-01
+1.418680e-01
+1.352036e-01
+8.386030e-02
+4.897423e-03
-7.567264e-02
-1.315043e-01
-1.445209e-01
-1.106881e-01
-4.113813e-02
+4.162220e-02
+1.110850e-01
+1.452484e-01
+1.335167e-01
+7.984598e-02
+1.249994e-03
-7.773367e-02
-1.327713e-01
-1.471969e-01
-1.169289e-01
-5.142926e-02
+2.944290e-02
+1.015873e-01
+1.438775e-01
+1.442637e-01
+1.030237e-01
+3.234350e-02
-4.748675e-02
-1.140222e-01
-1.489781e-01
-1.431331e-01
-9.854047e-02
-2.759115e-02
+5.064655e-02
+1.156774e-01
+1.509448e-01
+1.479094e-01
+1.078768e-01
+4.125936e-02
-3.537032e-02
-1.035530e-01
-1.474118e-01
-1.572346e-01
-1.313943e-01
-7.629767e-02
-4.535231e-03
+6.819832e-02
+1.266277e-01
+1.590623e-01
+1.595649e-01
+1.287704e-01
+7.332236e-02
+4.185688e-03
-6.571216e-02
-1.239832e-01
-1.609359e-01
-1.710323e-01
-1.534671e-01
-1.118824e-01
-5.337935e-02
+1.290874e-02
+7.738452e-02
+1.314235e-01
+1.684736e-01
+1.847020e-01
+1.791657e-01
+1.535615e-01
+1.116644e-01
+5.858756e-02

eigenvalue = -3.029275e-01:
-7.513571e-02
-1.275136e-01
-1.412836e-01
-1.123033e-01
-4.937173e-02
+2.846886e-02
+9.772449e-02
+1.375591e-01
+1.360588e-01
+9.376246e-02
+2.342015e-02
-5.390879e-02
-1.152031e-01
-1.423410e-01
-1.274230e-01
-7.499754e-02
-5.847997e-04
+7.399865e-02
+1.270794e-01
+1.434124e-01
+1.184876e-01
+5.966077e-02
-1.613872e-02
-8.737465e-02
-1.340601e-01
-1.433277e-01
-1.128692e-01
-5.135485e-02
+2.418218e-02
+9.316868e-02
+1.371269e-01
+1.445669e-01
+1.138544e-01
+5.337669e-02
-2.091917e-02
-8.985448e-02
-1.360077e-01
-1.480551e-01
-1.233989e-01
-6.851351e-02
+2.949514e-03
+7.370797e-02
+1.270926e-01
+1.509315e-01
+1.401833e-01
+9.778628e-02
+3.365142e-02
-3.784488e-02
-1.011994e-01
-1.431563e-01
-1.553843e-01
-1.359420e-01
-8.932563e-02
-2.521096e-02
+4.373958e-02
+1.044818e-01
+1.460586e-01
+1.614722e-01
+1.486692e-01
+1.105497e-01
+5.410622e-02
-1.105609e-02
-7.448862e-02
-1.266217e-01
-1.601600e-01
-1.709654e-01
-1.583577e-01
-1.248659e-01
-7.554925e-02
-1.705228e-02
+4.342647e-02
+9.909160e-02
+1.443128e-01
+1.751213e-01
+1.894210e-01
+1.869394e-01
+1.689719e-01
+1.379920e-01
+9.720042e-02
+5.007910e-02

eigenvalue = -2.709241e-01:
-6.984551e-02
-1.207708e-01
-1.389948e-01
-1.196095e-01
-6.789191e-02
+2.154522e-03
+7.162020e-02
+1.218160e-01
+1.393059e-01
+1.194845e-01
+6.774710e-02
-2.032234e-03
-7.127214e-02
-1.216617e-01
-1.399987e-01
-1.216070e-01
-7.145527e-02
-2.731428e-03
+6.669870e-02
+1.189760e-01
+1.408332e-01
+1.269019e-01
+8.093011e-02
+1.466373e-02
-5.525357e-02
-1.115172e-01
-1.404406e-01
-1.352164e-01
-9.739824e-02
-3.631367e-02
+3.336382e-02
+9.522396e-02
+1.350011e-01
+1.438051e-01
+1.199832e-01
+6.925544e-02
+3.184719e-03
-6.358269e-02
-1.166225e-01
-1.448254e-01
-1.426211e-01
-1.109126e-01
-5.661019e-02
+9.040831e-03
+7.290940e-02
+1.226508e-01
+1.490522e-01
+1.476177e-01
+1.191497e-01
+6.930177e-02
+7.280035e-03
-5.599253e-02
-1.098644e-01
-1.457307e-01
-1.583072e-01
-1.462417e-01
-1.120308e-01
-6.133746e-02
-1.888635e-03
+5.782136e-02
+1.097977e-01
+1.475949e-01
+1.670235e-01
+1.664612e-01
+1.467807e-01
+1.109639e-01
+6.350215e-02
+9.698106e-03
-4.502465e-02
-9.571719e-02
-1.383489e-01
-1.700729e-01
-1.893147e-01
-1.957081e-01
-1.899153e-01
-1.733753e-01
-1.480217e-01
-1.160062e-01
-7.945496e-02
-4.027234e-02

eigenvalue = -2.418895e-01:
-6.477877e-02
-1.138907e-01
-1.354710e-01
-1.243288e-01
-8.318856e-02
-2.200512e-02
+4.447095e-02
+1.002730e-01
+1.320646e-01
+1.323188e-01
+1.010706e-01
+4.584054e-02
-2.022635e-02
-8.153095e-02
-1.237230e-01
-1.370484e-01
-1.185602e-01
-7.269907e-02
-1.015033e-02
+5.471404e-02
+1.071776e-01
+1.355170e-01
+1.335755e-01
+1.020160e-01
+4.801894e-02
-1.644984e-02
-7.736330e-02
-1.217124e-01
-1.402565e-01
-1.293686e-01
-9.162433e-02
-3.507219e-02
+2.859508e-02
+8.653206e-02
+1.273494e-01
+1.433066e-01
+1.316764e-01
+9.506375e-02
+4.068684e-02
-2.117374e-02
-7.920351e-02
-1.231480e-01
-1.455817e-01
-1.430576e-01
-1.164826e-01
-7.071951e-02
-1.355213e-02
+4.575268e-02
+9.800708e-02
+1.355210e-01
+1.531636e-01
+1.489373e-01
+1.240301e-01
+8.239677e-02
+2.998772e-02
-2.621853e-02
-7.921575e-02
-1.228584e-01
-1.525311e-01
-1.655398e-01
-1.612140e-01
-1.407499e-01
-1.068558e-01
-6.327465e-02
-1.426355e-02
+3.590149e-02
+8.334128e-02
+1.248771e-01
+1.582089e-01
+1.819728e-01
+1.956954e-01
+1.996709e-01
+1.947892e-01
+1.823433e-01
+1.638376e-01
+1.408175e-01
+1.147273e-01
+8.680488e-02
+5.800872e-02
+2.897574e-02

eigenvalue = -2.153665e-01:
-6.063239e-02
-1.082089e-01
-1.324973e-01
-1.282957e-01
-9.654173e-02
-4.408784e-02
+1.780062e-02
+7.588866e-02
+1.178179e-01
+1.347367e-01
+1.231512e-01
+8.561081e-02
+3.010247e-02
-3.169509e-02
-8.690330e-02
-1.241405e-01
-1.358529e-01
-1.198032e-01
-7.943096e-02
-2.304454e-02
+3.795366e-02
+9.141569e-02
+1.268758e-01
+1.375685e-01
+1.216529e-01
+8.243448e-02
+2.758584e-02
-3.243760e-02
-8.644409e-02
-1.246035e-01
-1.402007e-01
-1.307371e-01
-9.821835e-02
-4.862221e-02
+9.303806e-03
+6.566037e-02
+1.111184e-01
+1.384416e-01
+1.435665e-01
+1.260926e-01
+8.914989e-02
+3.871760e-02
-1.745074e-02
-7.109025e-02
-1.146636e-01
-1.423897e-01
-1.509305e-01
-1.396699e-01
-1.105910e-01
-6.781212e-02
-1.688860e-02
+3.599835e-02
+8.484149e-02
+1.244935e-01
+1.511665e-01
+1.627073e-01
+1.586490e-01
+1.400637e-01
+1.092670e-01
+6.943098e-02
+2.416600e-02
-2.287716e-02
-6.834419e-02
-1.094282e-01
-1.440239e-01
-1.707879e-01
-1.891175e-01
-1.990658e-01
-2.012159e-01
-1.965340e-01
-1.862200e-01
-1.715700e-01
-1.538599e-01
-1.342557e-01
-1.137507e-01
-9.312840e-02
-7.294581e-02
-5.353292e-02
-3.500108e-02
-1.725467e-02

eigenvalue = -1.903344e-01:
-5.781799e-02
-1.046334e-01
-1.315495e-01
-1.334722e-01
-1.100720e-01
-6.582615e-02
-9.141596e-03
+4.926585e-02
+9.841645e-02
+1.291388e-01
+1.357736e-01
+1.171920e-01
+7.694782e-02
+2.255330e-02
-3.596546e-02
-8.794709e-02
-1.240473e-01
-1.379030e-01
-1.272135e-01
-9.406082e-02
-4.443876e-02
+1.289479e-02
+6.801182e-02
+1.115548e-01
+1.363134e-01
+1.383732e-01
+1.176601e-01
+7.782051e-02
+2.549379e-02
-3.086831e-02
-8.241369e-02
-1.212907e-01
-1.418145e-01
-1.412308e-01
-1.199869e-01
-8.150606e-02
-3.153679e-02
+2.278992e-02
+7.403288e-02
+1.154755e-01
+1.419792e-01
+1.505536e-01
+1.405920e-01
+1.137761e-01
+7.369796e-02
+2.527909e-02
-2.591306e-02
-7.435420e-02
-1.151708e-01
-1.446032e-01
-1.602875e-01
-1.613494e-01
-1.483252e-01
-1.229456e-01
-8.782570e-02
-4.611278e-02
-1.133207e-03
+4.392176e-02
+8.624688e-02
+1.235960e-01
+1.543748e-01
+1.776587e-01
+1.931499e-01
+2.010891e-01
+2.021388e-01
+1.972567e-01
+1.875707e-01
+1.742672e-01
+1.584993e-01
+1.413173e-01
+1.236230e-01
+1.061448e-01
+8.943042e-02
+7.385374e-02
+5.963027e-02
+4.683795e-02
+3.543924e-02
+2.530159e-02
+1.621371e-02
+7.895527e-03

eigenvalue = -1.658054e-01:
-5.572784e-02
-1.022178e-01
-1.317751e-01
-1.395286e-01
-1.242325e-01
-8.845641e-02
-3.813506e-02
+1.843808e-02
+7.199905e-02
+1.138444e-01
+1.372475e-01
+1.385271e-01
+1.175982e-01
+7.792818e-02
+2.591924e-02
-3.016503e-02
-8.154203e-02
-1.202969e-01
-1.405910e-01
-1.395083e-01
-1.174207e-01
-7.783718e-02
-2.678338e-02
+2.817137e-02
+7.907347e-02
+1.187479e-01
+1.417920e-01
+1.452649e-01
+1.289917e-01
+9.546455e-02
+4.938268e-02
-3.078814e-03
-5.514995e-02
-1.003654e-01
-1.333606e-01
-1.504688e-01
-1.500591e-01
-1.325965e-01
-1.004444e-01
-5.745944e-02
-8.450498e-03
+4.141831e-02
+8.720368e-02
+1.246741e-01
+1.506700e-01
+1.633097e-01
+1.620392e-01
+1.475408e-01
+1.215321e-01
+8.649148e-02
+4.534926e-02
+1.182382e-03
-4.305872e-02
-8.476919e-02
-1.218433e-01
-1.527593e-01
-1.766008e-01
-1.930241e-01
-2.021851e-01
-2.046405e-01
-2.012369e-01
-1.929994e-01
-1.810305e-01
-1.664238e-01
-1.501976e-01
-1.332480e-01
-1.163218e-01
-1.000054e-01
-8.472789e-02
-7.077273e-02
-5.829700e-02
-4.735312e-02
-3.791155e-02
-2.988220e-02
-2.313335e-02
-1.750715e-02
-1.283129e-02
-8.926746e-03
-5.611539e-03
-2.700374e-03

eigenvalue = -1.413421e-01:
-5.364558e-02
-9.971083e-02
-1.316979e-01
-1.451157e-01
-1.381111e-01
-1.117170e-01
-6.968595e-02
-1.793541e-02
+3.630642e-02
+8.552869e-02
+1.229880e-01
+1.436311e-01
+1.447611e-01
+1.263624e-01
+9.104718e-02
+4.364373e-02
-9.502693e-03
-6.141063e-02
-1.053968e-01
-1.359358e-01
-1.493332e-01
-1.441329e-01
-1.212187e-01
-8.361457e-02
-3.602738e-02
+1.579400e-02
+6.578985e-02
+1.083143e-01
+1.387651e-01
+1.540494e-01
+1.528429e-01
+1.356300e-01
+1.045390e-01
+6.301008e-02
+1.535066e-02
-3.376192e-02
-7.976977e-02
-1.186639e-01
-1.473150e-01
-1.636821e-01
-1.668931e-01
-1.572050e-01
-1.358639e-01
-1.048916e-01
-6.683152e-02
-2.448206e-02
+1.935380e-02
+6.208320e-02
+1.014880e-01
+1.358332e-01
+1.639189e-01
+1.850816e-01
+1.991541e-01
+2.063940e-01
+2.073944e-01
+2.029864e-01
+1.941436e-01
+1.818950e-01
+1.672526e-01
+1.511547e-01
+1.344268e-01
+1.177585e-01
+1.016942e-01
+8.663588e-02
+7.285386e-02
+6.050321e-02
+4.964328e-02
+4.025808e-02
+3.227590e-02
+2.558703e-02
+2.005898e-02
+1.554872e-02
+1.191213e-02
+9.010680e-03
+6.715786e-03
+4.911094e-03
+3.493130e-03
+2.370603e-03
+1.462571e-03
+6.956253e-04

eigenvalue = -1.168513e-01:
+5.127805e-02
+9.656616e-02
+1.305851e-01
+1.493898e-01
+1.508291e-01
+1.347876e-01
+1.031808e-01
+5.970992e-02
+9.407420e-03
-4.196531e-02
-8.859424e-02
-1.252793e-01
-1.480127e-01
-1.544037e-01
-1.439057e-01
-1.178258e-01
-7.912715e-02
-3.205375e-02
+1.836945e-02
+6.689884e-02
+1.086306e-01
+1.394942e-01
+1.566303e-01
+1.586212e-01
+1.455583e-01
+1.189532e-01
+8.151234e-02
+3.681086e-02
-1.109235e-02
-5.805486e-02
-1.002245e-01
-1.343528e-01
-1.580240e-01
-1.697871e-01
-1.691892e-01
-1.567186e-01
-1.336745e-01
-1.019833e-01
-6.398658e-02
-2.222136e-02
+2.078571e-02
+6.269532e-02
+1.014930e-01
+1.355817e-01
+1.638292e-01
+1.855743e-01
+2.005972e-01
+2.090646e-01
+2.114567e-01
+2.084854e-01
+2.010126e-01
+1.899733e-01
+1.763089e-01
+1.609136e-01
+1.445946e-01
+1.280462e-01
+1.118361e-01
+9.640313e-02
+8.206244e-02
+6.901740e-02
+5.737498e-02
+4.716312e-02
+3.834825e-02
+3.085191e-02
+2.456567e-02
+1.936369e-02
+1.511305e-02
+1.168150e-02
+8.943133e-03
+6.782153e-03
+5.094961e-03
+3.791068e-03
+2.793035e-03
+2.035775e-03
+1.465411e-03
+1.037902e-03
+7.175420e-04
+4.754419e-04
+2.880062e-04
+1.354048e-04

eigenvalue = -9.232269e-02:
+4.846892e-02
+9.246491e-02
+1.279384e-01
+1.516441e-01
+1.614421e-01
+1.564891e-01
+1.373033e-01
+1.056976e-01
+6.459143e-02
+1.772133e-02
-3.071733e-02
-7.646171e-02
-1.155665e-01
-1.447460e-01
-1.616433e-01
-1.650030e-01
-1.547387e-01
-1.318926e-01
-9.849804e-02
-5.736479e-02
-1.180980e-02
+3.463706e-02
+7.852492e-02
+1.167460e-01
+1.467511e-01
+1.667026e-01
+1.755576e-01
+1.730813e-01
+1.597962e-01
+1.368790e-01
+1.060188e-01
+6.925294e-02
+2.879555e-02
-1.312545e-02
-5.441282e-02
-9.321650e-02
-1.280175e-01
-1.576774e-01
-1.814560e-01
-1.989985e-01
-2.103011e-01
-2.156585e-01
-2.156013e-01
-2.108293e-01
-2.021456e-01
-1.903970e-01
-1.764217e-01
-1.610083e-01
-1.448655e-01
-1.286016e-01
-1.127155e-01
-9.759420e-02
-8.351820e-02
-7.067086e-02
-5.915131e-02
-4.898880e-02
-4.015739e-02
-3.259001e-02
-2.619127e-02
-2.084849e-02
-1.644080e-02
-1.284631e-02
-9.947437e-03
-7.634585e-03
-5.808448e-03
-4.381155e-03
-3.276571e-03
-2.429937e-03
-1.787103e-03
-1.303484e-03
-9.428938e-04
-6.763673e-04
-4.810014e-04
-3.388987e-04
-2.362188e-04
-1.623614e-04
-1.092513e-04
-7.073378e-05
-4.208490e-05
-1.955947e-05

eigenvalue = -6.775565e-02:
+4.498775e-02
+8.692904e-02
+1.229936e-01
+1.507669e-01
+1.684168e-01
+1.748159e-01
+1.696101e-01
+1.532289e-01
+1.268392e-01
+9.224697e-02
+5.175597e-02
+7.996829e-03
-3.626026e-02
-7.829401e-02
-1.156076e-01
-1.460793e-01
-1.680783e-01
-1.805399e-01
-1.829977e-01
-1.755737e-01
-1.589296e-01
-1.341877e-01
-1.028286e-01
-6.657498e-02
-2.727171e-02
+1.322989e-02
+5.317588e-02
+9.099600e-02
+1.253690e-01
+1.552651e-01
+1.799656e-01
+1.990624e-01
+2.124388e-01
+2.202364e-01
+2.228127e-01
+2.206925e-01
+2.145176e-01
+2.049980e-01
+1.928681e-01
+1.788482e-01
+1.636140e-01
+1.477739e-01
+1.318541e-01
+1.162900e-01
+1.014253e-01
+8.751441e-02
+7.473006e-02
+6.317248e-02
+5.288062e-02
+4.384372e-02
+3.601271e-02
+2.931079e-02
+2.364289e-02
+1.890363e-02
+1.498395e-02
+1.177614e-02
+9.177613e-03
+7.093433e-03
+5.437879e-03
+4.135159e-03
+3.119499e-03
+2.334768e-03
+1.733821e-03
+1.277616e-03
+9.342446e-04
+6.779733e-04
+4.882964e-04
+3.490548e-04
+2.476616e-04
+1.744208e-04
+1.219285e-04
+8.459509e-05
+5.824165e-05
+3.977028e-05
+2.690199e-05
+1.797581e-05
+1.178805e-05
+7.464123e-06
+4.364720e-06
+2.006012e-06

eigenvalue = -4.315026e-02:
-4.034027e-02
-7.894139e-02
-1.141482e-01
-1.444686e-01
-1.686433e-01
-1.857016e-01
-1.950015e-01
-1.962512e-01
-1.895112e-01
-1.751786e-01
-1.539545e-01
-1.267971e-01
-9.486411e-02
-5.944856e-02
-2.191178e-02
+1.638265e-02
+5.412997e-02
+9.013764e-02
+1.233687e-01
+1.529733e-01
+1.783087e-01
+1.989462e-01
+2.146682e-01
+2.254543e-01
+2.314602e-01
+2.329908e-01
+2.304692e-01
+2.244047e-01
+2.153608e-01
+2.039254e-01
+1.906839e-01
+1.761968e-01
+1.609817e-01
+1.455001e-01
+1.301491e-01
+1.152573e-01
+1.010837e-01
+8.782136e-02
+7.560159e-02
+6.450117e-02
+5.454990e-02
+4.573886e-02
+3.802853e-02
+3.135653e-02
+2.564463e-02
+2.080492e-02
+1.674492e-02
+1.337183e-02
+1.059568e-02
+8.331697e-03
+6.501871e-03
+5.035876e-03
+3.871444e-03
+2.954330e-03
+2.237992e-03
+1.683045e-03
+1.256587e-03
+9.314733e-04
+6.855660e-04
+5.010148e-04
+3.635713e-04
+2.619923e-04
+1.874826e-04
+1.332371e-04
+9.403622e-05
+6.591578e-05
+4.588880e-05
+3.172996e-05
+2.179096e-05
+1.486338e-05
+1.006901e-05
+6.775257e-06
+4.527622e-06
+3.002398e-06
+1.975714e-06
+1.285577e-06
+8.220362e-07
+5.102256e-07
+2.945270e-07
+1.342507e-07

eigenvalue = -1.850660e-02:
+3.302084e-02
+6.543182e-02
+9.664186e-02
+1.260965e-01
+1.532945e-01
+1.778015e-01
+1.992618e-01
+2.174066e-01
+2.320581e-01
+2.431312e-01
+2.506312e-01
+2.546485e-01
+2.553503e-01
+2.529708e-01
+2.477989e-01
+2.401656e-01
+2.304303e-01
+2.189681e-01
+2.061569e-01
+1.923662e-01
+1.779473e-01
+1.632255e-01
+1.484932e-01
+1.340060e-01
+1.199799e-01
+1.065908e-01
+9.397454e-02
+8.222957e-02
+7.141931e-02
+6.157597e-02
+5.270473e-02
+4.478803e-02
+3.779003e-02
+3.166076e-02
+2.634016e-02
+2.176158e-02
+1.785491e-02
+1.454920e-02
+1.177477e-02
+9.464834e-03
+7.556773e-03
+5.992898e-03
+4.720929e-03
+3.694201e-03
+2.871625e-03
+2.217482e-03
+1.701095e-03
+1.296412e-03
+9.815487e-04
+7.383182e-04
+5.517555e-04
+4.096630e-04
+3.021983e-04
+2.214908e-04
+1.612972e-04
+1.167064e-04
+8.390367e-05
+5.993786e-05
+4.254747e-05
+3.001179e-05
+2.103277e-05
+1.464374e-05
+1.013140e-05
+6.967413e-06
+4.760508e-06
+3.231842e-06
+2.179862e-06
+1.461515e-06
+9.749190e-07
+6.489335e-07
+4.302157e-07
+2.815679e-07
+1.835408e-07
+1.172022e-07
+7.255743e-08
+4.587972e-08
+2.885288e-08
+1.540149e-08
+5.177204e-09
+7.427684e-10

